4968
1565 1588 1592 1591
1588 853 1589 1592
1592 1589 851 1590
1591 1592 1590 1181
922 1593 1597 1596
1593 920 1594 1597
1597 1594 992 1595
1596 1597 1595 1278
795 1598 1602 1601
1598 793 1599 1602
1602 1599 993 1600
1601 1602 1600 1226
1576 1603 1607 1606
1603 1021 1604 1607
1607 1604 1342 1605
1606 1607 1605 1119
1430 1608 1612 1611
1608 1037 1609 1612
1612 1609 1447 1610
1611 1612 1610 713
1274 1613 1616 1615
1613 1276 1614 1616
1616 1614 1278 1595
1615 1616 1595 992
1371 1617 1621 1620
1617 986 1618 1621
1621 1618 1372 1619
1620 1621 1619 1100
1183 1622 1626 1625
1622 981 1623 1626
1626 1623 1187 1624
1625 1626 1624 1185
991 1627 1631 1630
1627 1336 1628 1631
1631 1628 796 1629
1630 1631 1629 798
1180 1632 1635 1634
1632 1500 1633 1635
1635 1633 981 1622
1634 1635 1622 1183
918 1636 1640 1639
1636 916 1637 1640
1640 1637 1264 1638
1639 1640 1638 1421
794 1641 1644 1643
1641 796 1628 1644
1644 1628 1336 1642
1643 1644 1642 1468
916 1645 1648 1637
1645 914 1646 1648
1648 1646 999 1647
1637 1648 1647 1264
1076 1649 1653 1652
1649 1077 1650 1653
1653 1650 1388 1651
1652 1653 1651 1032
1068 1654 1658 1657
1654 1507 1655 1658
1658 1655 1072 1656
1657 1658 1656 1409
862 1659 1663 1662
1659 1151 1660 1663
1663 1660 1152 1661
1662 1663 1661 860
1191 1664 1668 1667
1664 1423 1665 1668
1668 1665 994 1666
1667 1668 1666 1432
1186 1669 1673 1672
1669 1384 1670 1673
1673 1670 989 1671
1672 1673 1671 1401
1336 1627 1677 1676
1627 991 1674 1677
1677 1674 1332 1675
1676 1677 1675 1334
1354 1678 1682 1681
1678 1341 1679 1682
1682 1679 1355 1680
1681 1682 1680 1024
1237 1683 1687 1686
1683 1504 1684 1687
1687 1684 968 1685
1686 1687 1685 1513
1185 1624 1690 1689
1624 1187 1688 1690
1690 1688 1384 1669
1689 1690 1669 1186
1472 1691 1695 1694
1691 1105 1692 1695
1695 1692 1481 1693
1694 1695 1693 714
1409 1656 1698 1697
1656 1072 1696 1698
1698 1696 1430 1611
1697 1698 1611 713
1264 1647 1702 1701
1647 999 1699 1702
1702 1699 1257 1700
1701 1702 1700 1262
1447 1609 1706 1705
1609 1037 1703 1706
1706 1703 1039 1704
1705 1706 1704 1458
1190 1707 1710 1709
1707 1414 1708 1710
1710 1708 1423 1664
1709 1710 1664 1191
1401 1671 1713 1712
1671 989 1711 1713
1713 1711 1414 1707
1712 1713 1707 1190
721 1714 1717 1716
1714 1076 1652 1717
1717 1652 1032 1715
1716 1717 1715 1496
1347 1718 1722 1721
1718 1349 1719 1722
1722 1719 1350 1720
1721 1722 1720 996
1021 1723 1725 1604
1723 1355 1679 1725
1725 1679 1341 1724
1604 1725 1724 1342
1150 1726 1730 1729
1726 995 1727 1730
1730 1727 1156 1728
1729 1730 1728 1148
998 1731 1735 1734
1731 1330 1732 1735
1735 1732 802 1733
1734 1735 1733 804
1024 1736 1738 1681
1736 1350 1719 1738
1738 1719 1349 1737
1681 1738 1737 1354
1526 1739 1743 1742
1739 973 1740 1743
1743 1740 1536 1741
1742 1743 1741 1207
1570 1744 1748 1747
1744 1003 1745 1748
1748 1745 1045 1746
1747 1748 1746 1434
1459 1749 1753 1752
1749 1036 1750 1753
1753 1750 1041 1751
1752 1753 1751 1471
691 1754 1758 1757
1754 1550 1755 1758
1758 1755 1133 1756
1757 1758 1756 1557
1475 1759 1763 1762
1759 1169 1760 1763
1763 1760 1546 1761
1762 1763 1761 863
1004 1764 1768 1767
1764 1478 1765 1768
1768 1765 1233 1766
1767 1768 1766 1455
1481 1692 1772 1771
1692 1105 1769 1772
1772 1769 1104 1770
1771 1772 1770 1492
1501 1773 1777 1776
1773 1282 1774 1777
1777 1774 1509 1775
1776 1777 1775 715
1009 1778 1782 1781
1778 1255 1779 1782
1782 1779 910 1780
1781 1782 1780 908
692 1783 1787 1786
1783 1528 1784 1787
1787 1784 1125 1785
1786 1787 1785 1538
1442 1788 1792 1791
1788 1311 1789 1792
1792 1789 1567 1790
1791 1792 1790 848
800 1793 1796 1795
1793 802 1732 1796
1796 1732 1330 1794
1795 1796 1794 1474
912 1797 1800 1799
1797 910 1779 1800
1800 1779 1255 1798
1799 1800 1798 1429
693 1801 1805 1804
1801 1506 1802 1805
1805 1802 1137 1803
1804 1805 1803 1514
695 1806 1810 1809
1806 1449 1807 1810
1810 1807 1139 1808
1809 1810 1808 1460
694 1811 1815 1814
1811 1479 1812 1815
1815 1812 1143 1813
1814 1815 1813 1491
1553 1816 1820 1819
1816 1001 1817 1820
1820 1817 1566 1818
1819 1820 1818 1092
1022 1821 1825 1824
1821 1510 1822 1825
1825 1822 1075 1823
1824 1825 1823 1503
1330 1731 1829 1828
1731 998 1826 1829
1829 1826 1387 1827
1828 1829 1827 1328
998 1830 1833 1826
1830 1405 1831 1833
1833 1831 1325 1832
1826 1833 1832 1387
1231 1834 1838 1837
1834 1228 1835 1838
1838 1835 791 1836
1837 1838 1836 789
1149 1839 1843 1842
1839 1383 1840 1843
1843 1840 1000 1841
1842 1843 1841 1400
1148 1728 1846 1845
1728 1156 1844 1846
1846 1844 1383 1839
1845 1846 1839 1149
1114 1847 1851 1850
1847 1427 1848 1851
1851 1848 745 1849
1850 1851 1849 1418
1006 1852 1856 1855
1852 1435 1853 1856
1856 1853 1321 1854
1855 1856 1854 1425
1345 1857 1860 1859
1857 1347 1721 1860
1860 1721 996 1858
1859 1860 1858 1453
1548 1861 1865 1864
1861 978 1862 1865
1865 1862 1555 1863
1864 1865 1863 1214
789 1866 1869 1837
1866 787 1867 1869
1869 1867 1019 1868
1837 1869 1868 1231
1110 1870 1874 1873
1870 1457 1871 1874
1874 1871 746 1872
1873 1874 1872 1448
1002 1875 1879 1878
1875 1346 1876 1879
1879 1876 931 1877
1878 1879 1877 933
1013 1880 1884 1883
1880 1466 1881 1884
1884 1881 1317 1882
1883 1884 1882 1454
1035 1885 1889 1888
1885 1518 1886 1889
1889 1886 1305 1887
1888 1889 1887 1511
1509 1774 1893 1892
1774 1282 1890 1893
1893 1890 1283 1891
1892 1893 1891 1516
1255 1778 1897 1896
1778 1009 1894 1897
1897 1894 1251 1895
1896 1897 1895 1253
1405 1898 1901 1831
1898 1416 1899 1901
1901 1899 1324 1900
1831 1901 1900 1325
970 1902 1906 1905
1902 1544 1903 1906
1906 1903 1300 1904
1905 1906 1904 1543
1432 1666 1910 1909
1666 994 1907 1910
1910 1907 1443 1908
1909 1910 1908 1194
699 1911 1914 1913
1911 1522 1912 1914
1914 1912 1036 1749
1913 1914 1749 1459
1004 1915 1919 1918
1915 1375 1916 1919
1919 1916 1083 1917
1918 1919 1917 1381
1345 1920 1924 1923
1920 1115 1921 1924
1924 1921 1407 1922
1923 1924 1922 744
1428 1925 1929 1928
1925 1146 1926 1929
1929 1926 1145 1927
1928 1929 1927 1440
1524 1930 1934 1933
1930 1245 1931 1934
1934 1931 1531 1932
1933 1934 1932 716
1115 1935 1937 1921
1935 1114 1850 1937
1937 1850 1418 1936
1921 1937 1936 1407
1238 1938 1942 1941
1938 1239 1939 1942
1942 1939 1353 1940
1941 1942 1940 1483
1400 1841 1946 1945
1841 1000 1943 1946
1946 1943 1413 1944
1945 1946 1944 1160
985 1947 1951 1950
1947 1441 1948 1951
1951 1948 1293 1949
1950 1951 1949 1581
1458 1704 1954 1953
1704 1039 1952 1954
1954 1952 1472 1694
1953 1954 1694 714
1549 1955 1959 1958
1955 1171 1956 1959
1959 1956 1552 1957
1958 1959 1957 971
1009 1960 1963 1894
1960 1361 1961 1963
1963 1961 1249 1962
1894 1963 1962 1251
726 1964 1968 1967
1964 1568 1965 1968
1968 1965 1155 1966
1967 1968 1966 1153
1573 1969 1973 1972
1969 987 1970 1973
1973 1970 1580 1971
1972 1973 1971 1220
1531 1931 1977 1976
1931 1245 1974 1977
1977 1974 1246 1975
1976 1977 1975 1540
704 1978 1981 1980
1978 1229 1979 1981
1981 1979 518 519
1980 1981 519 520
1375 1982 1985 1916
1982 1382 1983 1985
1985 1983 1082 1984
1916 1985 1984 1083
1374 1986 1990 1989
1986 1372 1987 1990
1990 1987 1335 1988
1989 1990 1988 1337
1435 1991 1994 1853
1991 1445 1992 1994
1994 1992 1320 1993
1853 1994 1993 1321
1464 1995 1999 1998
1995 1120 1996 1999
1999 1996 1574 1997
1998 1999 1997 979
1416 2000 2002 1899
2000 1006 1855 2002
2002 1855 1425 2001
1899 2002 2001 1324
1361 2003 2006 1961
2003 1385 2004 2006
2006 2004 1248 2005
1961 2006 2005 1249
1225 2007 2011 2010
2007 993 2008 2011
2011 2008 1228 2009
2010 2011 2009 1227
1079 2012 2016 2015
2012 1420 2013 2016
2016 2013 1011 2014
2015 2016 2014 1408
696 2017 2020 2019
2017 1482 2018 2020
2020 2018 1146 1925
2019 2020 1925 1428
1460 1808 2024 2023
1808 1139 2021 2024
2024 2021 1140 2022
2023 2024 2022 1470
1353 2025 2028 2027
2025 698 2026 2028
2028 2026 1471 1751
2027 2028 1751 1041
1111 2029 2032 2031
2029 1110 1873 2032
2032 1873 1448 2030
2031 2032 2030 1438
516 517 2035 2034
517 518 1979 2035
2035 1979 1229 2033
2034 2035 2033 1437
1545 2036 2040 2039
2036 1294 2037 2040
2040 2037 1554 2038
2039 2040 2038 717
1052 2041 2044 2043
2041 1494 2042 2044
2044 2042 468 469
2043 2044 469 470
1238 2045 2048 2047
2045 1497 2046 2048
2048 2046 1504 1683
2047 2048 1683 1237
704 2049 2051 1978
2049 1225 2010 2051
2051 2010 1227 2050
1978 2051 2050 1229
1554 2037 2055 2054
2037 1294 2052 2055
2055 2052 1292 2053
2054 2055 2053 1562
1086 2056 2060 2059
2056 753 2057 2060
2060 2057 1084 2058
2059 2060 2058 1085
1047 2061 2065 2064
2061 1051 2062 2065
2065 2062 1053 2063
2064 2065 2063 1050
1465 2066 2070 2069
2066 1314 2067 2070
2070 2067 1583 2068
2069 2070 2068 1363
1015 2071 2075 2074
2071 1415 2072 2075
2075 2072 1259 2073
2074 2075 2073 1403
921 2076 2079 2078
2076 923 2077 2079
2079 2077 1024 1680
2078 2079 1680 1355
1291 2080 2084 2083
2080 1293 2081 2084
2084 2081 1404 2082
2083 2084 2082 718
1385 2085 2087 2004
2085 1015 2074 2087
2087 2074 1403 2086
2004 2087 2086 1248
1427 2088 2090 1848
2088 1111 2031 2090
2090 2031 1438 2089
1848 2090 2089 745
502 2091 2094 501
2091 1080 2092 2094
2094 2092 701 2093
501 2094 2093 500
1061 2095 2099 2098
2095 1062 2096 2099
2099 2096 1063 2097
2098 2099 2097 742
1466 2100 2103 1881
2100 1476 2101 2103
2103 2101 1318 2102
1881 2103 2102 1317
1492 1770 2106 2105
1770 1104 2104 2106
2106 2104 1501 1776
2105 2106 1776 715
1440 1927 2109 2108
1927 1145 2107 2109
2109 2107 1449 1806
2108 2109 1806 695
1490 2110 2114 2113
2110 1175 2111 2114
2114 2111 1572 2112
2113 2114 2112 857
812 2115 2119 2118
2115 1066 2116 2119
2119 2116 1057 2117
2118 2119 2117 1065
1093 2120 2124 2123
2120 719 2121 2124
2124 2121 1091 2122
2123 2124 2122 1092
756 2125 2129 2128
2125 766 2126 2129
2129 2126 1055 2127
2128 2129 2127 765
1041 2130 2132 2027
2130 1042 2131 2132
2132 2131 1483 1940
2027 2132 1940 1353
762 2133 2136 2135
2133 1051 2061 2136
2136 2061 1047 2134
2135 2136 2134 1046
1488 2137 2141 2140
2137 1495 2138 2141
2141 2138 1089 2139
2140 2141 2139 1090
1382 2142 2144 1983
2142 1011 2013 2144
2144 2013 1420 2143
1983 2144 2143 1082
1038 2145 2149 2148
2145 983 2146 2149
2149 2146 963 2147
2148 2149 2147 1044
451 452 2153 2152
452 453 2150 2153
2153 2150 742 2151
2152 2153 2151 1084
1153 2154 2157 1967
2154 1582 2155 2157
2157 2155 1467 2156
1967 2157 2156 726
1208 2158 2161 2160
2158 1519 2159 2161
2161 2159 1526 1742
2160 2161 1742 1207
1055 2126 2165 2164
2126 766 2162 2165
2165 2162 768 2163
2164 2165 2163 1017
1044 2147 2169 2168
2147 963 2166 2169
2169 2166 962 2167
2168 2169 2167 1003
447 448 2173 2172
448 449 2170 2173
2173 2170 753 2171
2172 2173 2171 1091
1023 2174 2178 2177
2174 1260 2175 2178
2178 2175 898 2176
2177 2178 2176 896
751 2179 2182 2181
2179 1069 2180 2182
2182 2180 1507 1654
2181 2182 1654 1068
963 2183 2186 2166
2183 961 2184 2186
2186 2184 960 2185
2166 2186 2185 962
888 2187 2191 2190
2187 1480 2188 2191
2191 2188 1269 2189
2190 2191 2189 1473
962 2192 2194 2167
2192 1094 2193 2194
2194 2193 1045 1745
2167 2194 1745 1003
925 2195 2198 2197
2195 927 2196 2198
2198 2196 996 1720
2197 2198 1720 1350
701 2199 2203 2202
2199 1043 2200 2203
2203 2200 767 2201
2202 2203 2201 1078
1059 2204 2207 2206
2204 1061 2205 2207
2207 2205 455 456
2206 2207 456 457
1067 2208 2211 2210
2208 271 272 2211
2211 272 273 2209
2210 2211 2209 758
1097 2212 2216 2215
2212 754 2213 2216
2216 2213 1095 2214
2215 2216 2214 1096
762 2135 2219 2218
2135 1046 2217 2219
2219 2217 461 462
2218 2219 462 463
1065 2220 2223 2118
2220 770 2221 2223
2223 2221 771 2222
2118 2223 2222 812
995 2224 2227 1727
2224 864 2225 2227
2227 2225 866 2226
1727 2227 2226 1156
1046 2228 2230 2217
2228 749 2229 2230
2230 2229 459 460
2217 2230 460 461
463 464 2233 2218
464 465 2231 2233
2233 2231 1494 2232
2218 2233 2232 762
682 683 2237 2236
683 684 2234 2237
2237 2234 1389 2235
2236 2237 2235 751
1576 2238 2242 2241
2238 1121 2239 2242
2242 2239 1578 2240
2241 2242 2240 917
1445 2243 2245 1992
2243 1013 1883 2245
2245 1883 1454 2244
1992 2245 2244 1320
845 2246 2249 2248
2246 1187 1623 2249
2249 1623 981 2247
2248 2249 2247 847
443 444 2253 2252
444 445 2250 2253
2253 2250 719 2251
2252 2253 2251 1095
684 685 2256 2234
685 686 2254 2256
2256 2254 1559 2255
2234 2256 2255 1389
765 2257 2259 2128
2257 494 495 2259
2259 495 496 2258
2128 2259 2258 756
1230 2260 2263 2262
2260 1231 1868 2263
2263 1868 1019 2261
2262 2263 2261 1232
721 2264 2267 1714
2264 1073 2265 2267
2267 2265 1074 2266
1714 2267 2266 1076
1043 2199 2270 2269
2199 701 2092 2270
2270 2092 1080 2268
2269 2270 2268 1079
983 2271 2273 2146
2271 982 2272 2273
2273 2272 961 2183
2146 2273 2183 963
1078 2201 2276 2275
2201 767 2274 2276
2276 2274 766 2125
2275 2276 2125 756
764 2277 2279 2278
2277 492 493 2279
2279 493 494 2257
2278 2279 2257 765
758 2209 2282 2281
2209 273 274 2282
2282 274 275 2280
2281 2282 2280 1058
751 2181 2284 2236
2181 1068 2283 2284
2284 2283 680 681
2236 2284 681 682
1058 2280 2287 2286
2280 275 276 2287
2287 276 277 2285
2286 2287 2285 721
1062 2095 2290 2289
2095 1061 2204 2290
2290 2204 1059 2288
2289 2290 2288 1060
1038 2291 2294 2145
2291 1031 2292 2294
2294 2292 1030 2293
2145 2294 2293 983
1358 2295 2298 2297
2295 1499 2296 2298
2298 2296 1506 1801
2297 2298 1801 693
1018 2299 2303 2302
2299 1367 2300 2303
2303 2300 1493 2301
2302 2303 2301 1485
457 458 2305 2206
458 459 2229 2305
2305 2229 749 2304
2206 2305 2304 1059
1080 2091 2308 2307
2091 502 503 2308
2308 503 504 2306
2307 2308 2306 1081
1054 2309 2312 2311
2309 1066 2115 2312
2312 2115 812 2310
2311 2312 2310 1412
721 2285 2314 2264
2285 277 278 2314
2314 278 279 2313
2264 2314 2313 1073
1180 2315 2317 1632
2315 1181 1590 2317
2317 1590 851 2316
1632 2317 2316 1500
1050 2318 2321 2064
2318 1049 2319 2321
2321 2319 1048 2320
2064 2321 2320 1047
439 440 2325 2324
440 441 2322 2325
2325 2322 754 2323
2324 2325 2323 1098
1100 2326 2330 2329
2326 741 2327 2330
2330 2327 1098 2328
2329 2330 2328 1099
742 2097 2332 2151
2097 1063 2331 2332
2332 2331 1085 2058
2151 2332 2058 1084
1561 2333 2337 2336
2333 1397 2334 2337
2337 2334 761 2335
2336 2337 2335 1450
1087 2338 2341 2340
2338 283 284 2341
2341 284 285 2339
2340 2341 2339 1088
1115 1920 2344 2343
1920 1345 1859 2344
2344 1859 1453 2342
2343 2344 2342 1346
1227 2009 2346 2345
2009 1228 1834 2346
2346 1834 1231 2260
2345 2346 2260 1230
753 2056 2348 2171
2056 1086 2347 2348
2348 2347 1092 2122
2171 2348 2122 1091
1073 2313 2351 2350
2313 279 280 2351
2351 280 281 2349
2350 2351 2349 750
1372 1986 2353 1619
1986 1374 2352 2353
2353 2352 741 2326
1619 2353 2326 1100
719 2120 2355 2251
2120 1093 2354 2355
2355 2354 1096 2214
2251 2355 2214 1095
1088 2356 2359 2358
2356 748 2357 2359
2359 2357 1090 2139
2358 2359 2139 1089
1082 2360 2363 1984
2360 711 2361 2363
2363 2361 1378 2362
1984 2363 2362 1083
955 2364 2368 2367
2364 953 2365 2368
2368 2365 952 2366
2367 2368 2366 954
283 2338 2370 282
2338 1087 2369 2370
2370 2369 750 2349
282 2370 2349 281
964 2371 2375 2374
2371 1106 2372 2375
2375 2372 1040 2373
2374 2375 2373 1379
953 2376 2379 2365
2376 951 2377 2379
2379 2377 950 2378
2365 2379 2378 952
951 2380 2383 2377
2380 949 2381 2383
2383 2381 948 2382
2377 2383 2382 950
754 2212 2385 2323
2212 1097 2384 2385
2385 2384 1099 2328
2323 2385 2328 1098
1046 2134 2387 2228
2134 1047 2320 2387
2387 2320 1048 2386
2228 2387 2386 749
993 2007 2390 1600
2007 1225 2388 2390
2390 2388 1224 2389
1600 2390 2389 1226
1225 2049 2393 2388
2049 704 2391 2393
2393 2391 1223 2392
2388 2393 2392 1224
949 2394 2397 2381
2394 947 2395 2397
2397 2395 946 2396
2381 2397 2396 948
1335 2398 2402 2401
2398 1334 2399 2402
2402 2399 1333 2400
2401 2402 2400 740
522 523 2406 2405
523 524 2403 2406
2406 2403 1221 2404
2405 2406 2404 1223
1219 2407 2411 2410
2407 706 2408 2411
2411 2408 1217 2409
2410 2411 2409 1218
524 525 2414 2403
525 526 2412 2414
2414 2412 706 2413
2403 2414 2413 1221
1222 2415 2417 2416
2415 1221 2413 2417
2417 2413 706 2407
2416 2417 2407 1219
1016 2418 2422 2421
2418 1107 2419 2422
2422 2419 943 2420
2421 2422 2420 945
528 529 2426 2425
529 530 2423 2426
2426 2423 1215 2424
2425 2426 2424 1217
1335 2401 2429 1988
2401 740 2427 2429
2429 2427 433 2428
1988 2429 2428 1337
1101 2430 2434 2433
2430 946 2431 2434
2434 2431 944 2432
2433 2434 2432 1279
1329 2435 2439 2438
2435 1328 2436 2439
2439 2436 1327 2437
2438 2439 2437 739
1332 2440 2443 2442
2440 1329 2438 2443
2443 2438 739 2441
2442 2443 2441 1331
1213 2444 2448 2447
2444 708 2445 2448
2448 2445 1211 2446
2447 2448 2446 1212
1103 2449 2453 2452
2449 1279 2450 2453
2453 2450 967 2451
2452 2453 2451 1280
431 2454 2457 430
2454 1333 2455 2457
2457 2455 1331 2456
430 2457 2456 429
937 2458 2462 2461
2458 939 2459 2462
2462 2459 1010 2460
2461 2462 2460 1112
1216 2463 2466 2465
2463 1215 2464 2466
2466 2464 708 2444
2465 2466 2444 1213
530 531 2468 2423
531 532 2467 2468
2468 2467 708 2464
2423 2468 2464 1215
1210 2469 2473 2472
2469 1209 2470 2473
2473 2470 707 2471
2472 2473 2471 1206
1325 1900 2477 2476
1900 1324 2474 2477
2477 2474 1323 2475
2476 2477 2475 738
1326 2478 2481 2480
2478 423 424 2481
2481 424 425 2479
2480 2481 2479 1327
429 2456 2483 428
2456 1331 2441 2483
2483 2441 739 2482
428 2483 2482 427
1107 2484 2487 2419
2484 1109 2485 2487
2487 2485 941 2486
2419 2487 2486 943
1205 2488 2492 2491
2488 1234 2489 2492
2492 2489 697 2490
2491 2492 2490 1235
536 537 2495 2494
537 538 2493 2495
2495 2493 707 2470
2494 2495 2470 1209
1205 2496 2499 2498
2496 1208 2160 2499
2499 2160 1207 2497
2498 2499 2497 1204
1112 2500 2503 2461
2500 1113 2501 2503
2503 2501 935 2502
2461 2503 2502 937
1206 2471 2507 2506
2471 707 2504 2507
2507 2504 1203 2505
2506 2507 2505 1204
1322 2508 2511 2510
2508 417 418 2511
2511 418 419 2509
2510 2511 2509 1323
1321 1993 2515 2514
1993 1320 2512 2515
2515 2512 1319 2513
2514 2515 2513 737
697 2489 2518 2517
2489 1234 2516 2518
2518 2516 542 543
2517 2518 543 544
1357 2519 2523 2522
2519 1284 2520 2523
2523 2520 1281 2521
2522 2523 2521 1368
423 2478 2526 422
2478 1326 2524 2526
2526 2524 738 2525
422 2526 2525 421
1235 2490 2530 2529
2490 697 2527 2530
2530 2527 1369 2528
2529 2530 2528 1236
534 535 2533 2532
535 536 2494 2533
2533 2494 1209 2531
2532 2533 2531 1211
417 2508 2536 416
2508 1322 2534 2536
2536 2534 737 2535
416 2536 2535 415
735 2537 2540 2539
2537 409 410 2540
2540 410 411 2538
2539 2540 2538 1316
1352 2541 2544 2543
2541 1239 2542 2544
2544 2542 1236 2528
2543 2544 2528 1369
1239 2541 2546 1939
2541 1352 2545 2546
2546 2545 698 2025
1939 2546 2025 1353
832 2547 2551 2550
2547 829 2548 2551
2551 2548 827 2549
2550 2551 2549 1116
1317 2102 2555 2554
2102 1318 2552 2555
2555 2552 1338 2553
2554 2555 2553 735
548 549 2558 2557
549 550 2556 2558
2558 2556 698 2545
2557 2558 2545 1352
1366 2559 2563 2562
2559 1042 2560 2563
2563 2560 1029 2561
2562 2563 2561 1116
407 2564 2567 406
2564 1338 2565 2567
2567 2565 1339 2566
406 2567 2566 405
1346 1875 2569 2343
1875 1002 2568 2569
2569 2568 1114 1935
2343 2569 1935 1115
1305 2570 2574 2573
2570 1304 2571 2574
2574 2571 1303 2572
2573 2574 2572 732
1316 2538 2577 2576
2538 411 412 2577
2577 412 413 2575
2576 2577 2575 1319
1306 2578 2581 2580
2578 399 400 2581
2581 400 401 2579
2580 2581 2579 1307
734 2582 2584 2583
2582 403 404 2584
2584 404 405 2566
2583 2584 2566 1339
1465 2585 2588 2066
2585 727 2586 2588
2588 2586 1313 2587
2066 2588 2587 1314
381 2589 2591 380
2589 1313 2586 2591
2591 2586 727 2590
380 2591 2590 379
1313 2589 2594 2593
2589 381 382 2594
2594 382 383 2592
2593 2594 2592 1312
399 2578 2597 398
2578 1306 2595 2597
2597 2595 732 2596
398 2597 2596 397
1191 2598 2601 1709
2598 700 2599 2601
2601 2599 1189 2600
1709 2601 2600 1190
700 2602 2605 2604
2602 1192 2603 2605
2605 2603 560 561
2604 2605 561 562
1302 2606 2610 2609
2606 1298 2607 2610
2610 2607 730 2608
2609 2610 2608 1301
1298 2611 2614 2607
2611 1297 2612 2614
2614 2612 1296 2613
2607 2614 2613 730
1192 2615 2617 2603
2615 1193 2616 2617
2617 2616 558 559
2603 2617 559 560
1186 2618 2621 1689
2618 702 2619 2621
2621 2619 1184 2620
1689 2621 2620 1185
729 2622 2625 2624
2622 385 386 2625
2625 386 387 2623
2624 2625 2623 1308
395 2626 2629 394
2626 1303 2627 2629
2629 2627 1301 2628
394 2629 2628 393
1188 2630 2633 2632
2630 1189 2631 2633
2633 2631 564 565
2632 2633 565 566
566 567 2636 2632
567 568 2634 2636
2636 2634 702 2635
2632 2636 2635 1188
570 571 2640 2639
571 572 2637 2640
2640 2637 1182 2638
2639 2640 2638 1184
393 2628 2642 392
2628 1301 2608 2642
2642 2608 730 2641
392 2642 2641 391
1180 2643 2647 2646
2643 705 2644 2647
2647 2644 1178 2645
2646 2647 2645 1179
1183 2648 2650 1634
2648 1182 2649 2650
2650 2649 705 2643
1634 2650 2643 1180
729 2624 2654 2653
2624 1308 2651 2654
2654 2651 1299 2652
2653 2654 2652 1309
572 573 2656 2637
573 574 2655 2656
2656 2655 705 2649
2637 2656 2649 1182
576 577 2660 2659
577 578 2657 2660
2660 2657 1176 2658
2659 2660 2658 1178
1174 2661 2665 2664
2661 709 2662 2665
2665 2662 1172 2663
2664 2665 2663 1173
1177 2666 2669 2668
2666 1176 2667 2669
2669 2667 709 2661
2668 2669 2661 1174
578 579 2671 2657
579 580 2670 2671
2671 2670 709 2667
2657 2671 2667 1176
582 583 2675 2674
583 584 2672 2675
2675 2672 1170 2673
2674 2675 2673 1172
1167 2676 2680 2679
2676 1168 2677 2680
2680 2677 1170 2678
2679 2680 2678 710
1150 1729 2684 2683
1729 1148 2681 2684
2684 2681 722 2682
2683 2684 2682 1147
584 585 2686 2672
585 586 2685 2686
2686 2685 710 2678
2672 2686 2678 1170
696 2687 2690 2689
2687 361 362 2690
2690 362 363 2688
2689 2690 2688 1159
724 2691 2694 2693
2691 1197 2692 2694
2694 2692 596 597
2693 2694 597 598
1268 2695 2699 2698
2695 1202 2696 2699
2699 2696 1201 2697
2698 2699 2697 1270
1286 2700 2704 2703
2700 1120 2701 2704
2704 2701 1117 2702
2703 2704 2702 1285
323 2705 2707 322
2705 1285 2702 2707
2707 2702 1117 2706
322 2707 2706 321
1159 2688 2710 2709
2688 363 364 2710
2710 364 365 2708
2709 2710 2708 1158
321 2706 2713 320
2706 1117 2711 2713
2713 2711 712 2712
320 2713 2712 319
736 2714 2717 2716
2714 1252 2715 2717
2717 2715 626 627
2716 2717 627 628
907 2718 2722 2721
2718 1130 2719 2722
2722 2719 1128 2720
2721 2722 2720 905
1020 2723 2727 2726
2723 1142 2724 2727
2727 2724 884 2725
2726 2727 2725 886
1142 2728 2731 2724
2728 1141 2729 2731
2731 2729 882 2730
2724 2731 2730 884
1130 2732 2736 2735
2732 974 2733 2736
2736 2733 1132 2734
2735 2736 2734 1131
1272 2737 2741 2740
2737 1267 2738 2741
2741 2738 1265 2739
2740 2741 2739 1271
1197 2691 2745 2744
2691 724 2742 2745
2745 2742 1199 2743
2744 2745 2743 1198
710 2746 2749 2679
2746 1166 2747 2749
2749 2747 1164 2748
2679 2749 2748 1167
594 595 2752 2751
595 596 2692 2752
2752 2692 1197 2750
2751 2752 2750 1195
723 2753 2756 2755
2753 1161 2754 2756
2756 2754 590 591
2755 2756 591 592
747 2757 2760 2759
2757 1261 2758 2760
2760 2758 632 633
2759 2760 633 634
1252 2714 2764 2763
2714 736 2761 2764
2764 2761 1254 2762
2763 2764 2762 1253
1122 2765 2769 2768
2765 969 2766 2769
2769 2766 1124 2767
2768 2769 2767 1123
720 2770 2773 2772
2770 1275 2771 2773
2773 2771 638 639
2772 2773 639 640
588 589 2776 2775
589 590 2754 2776
2776 2754 1161 2774
2775 2776 2774 1166
624 625 2779 2778
625 626 2715 2779
2779 2715 1252 2777
2778 2779 2777 1250
1123 2780 2783 2768
2780 1126 2781 2783
2783 2781 990 2782
2768 2783 2782 1122
1147 2784 2787 2786
2784 369 370 2787
2787 370 371 2785
2786 2787 2785 1157
1135 2788 2792 2791
2788 1134 2789 2792
2792 2789 891 2790
2791 2792 2790 893
1270 2697 2795 2794
2697 1201 2793 2795
2795 2793 600 601
2794 2795 601 602
1119 1605 2799 2798
1605 1342 2796 2799
2799 2796 755 2797
2798 2799 2797 1356
369 2784 2801 368
2784 1147 2682 2801
2801 2682 722 2800
368 2801 2800 367
1136 2802 2806 2805
2802 897 2803 2806
2806 2803 899 2804
2805 2806 2804 990
1122 2807 2810 2765
2807 901 2808 2810
2810 2808 903 2809
2765 2810 2809 969
1247 2811 2814 2813
2811 733 2812 2814
2814 2812 1249 2005
2813 2814 2005 1248
886 2815 2817 2726
2815 891 2789 2817
2817 2789 1134 2816
2726 2817 2816 1020
1014 2818 2822 2821
2818 1138 2819 2822
2822 2819 878 2820
2821 2822 2820 880
1161 2753 2826 2825
2753 723 2823 2826
2826 2823 1163 2824
2825 2826 2824 1162
905 2720 2829 2828
2720 1128 2827 2829
2829 2827 969 2809
2828 2829 2809 903
725 2830 2833 2832
2830 1265 2738 2833
2833 2738 1267 2831
2832 2833 2831 1266
901 2807 2835 2834
2807 1122 2782 2835
2835 2782 990 2804
2834 2835 2804 899
309 2836 2839 308
2836 1348 2837 2839
2839 2837 1344 2838
308 2839 2838 307
1130 2718 2842 2732
2718 907 2840 2842
2842 2840 909 2841
2732 2842 2841 974
1136 2805 2845 2844
2805 990 2781 2845
2845 2781 1126 2843
2844 2845 2843 1127
1261 2757 2849 2848
2757 747 2846 2849
2849 2846 1263 2847
2848 2849 2847 1262
1120 2850 2852 2701
2850 1118 2851 2852
2852 2851 712 2711
2701 2852 2711 1117
1275 2853 2855 2771
2853 1273 2854 2855
2855 2854 636 637
2771 2855 637 638
1162 2856 2857 2825
2856 1164 2747 2857
2857 2747 1166 2774
2825 2857 2774 1161
1138 2858 2861 2819
2858 1144 2859 2861
2861 2859 876 2860
2819 2861 2860 878
630 631 2864 2863
631 632 2758 2864
2864 2758 1261 2862
2863 2864 2862 1256
733 2811 2867 2866
2811 1247 2865 2867
2867 2865 620 621
2866 2867 621 622
1258 2868 2871 2870
2868 731 2869 2871
2871 2869 616 617
2870 2871 617 618
1265 2830 2874 2873
2830 725 2872 2874
2874 2872 604 605
2873 2874 605 606
874 2875 2878 2877
2875 876 2859 2878
2878 2859 1144 2876
2877 2878 2876 1008
602 603 2880 2794
603 604 2872 2880
2880 2872 725 2879
2794 2880 2879 1270
1287 2881 2885 2884
2881 911 2882 2885
2885 2882 913 2883
2884 2885 2883 1288
1008 2886 2889 2877
2886 1240 2887 2889
2889 2887 872 2888
2877 2889 2888 874
1247 2890 2891 2865
2890 1258 2870 2891
2891 2870 618 619
2865 2891 619 620
1241 2892 2896 2895
2892 934 2893 2896
2896 2893 932 2894
2895 2896 2894 1343
367 2800 2898 366
2800 722 2897 2898
2898 2897 1158 2708
366 2898 2708 365
880 2899 2901 2821
2899 882 2729 2901
2901 2729 1141 2900
2821 2901 2900 1014
622 623 2903 2866
623 624 2778 2903
2903 2778 1250 2902
2866 2903 2902 733
897 2802 2907 2906
2802 1136 2904 2907
2907 2904 893 2905
2906 2907 2905 894
319 2712 2910 318
2712 712 2908 2910
2910 2908 1356 2909
318 2910 2909 317
1244 2911 2915 2914
2911 1343 2912 2915
2915 2912 977 2913
2914 2915 2913 1295
1144 2916 2918 2876
2916 1145 1926 2918
2918 1926 1146 2917
2876 2918 2917 1008
743 2919 2922 2921
2919 1340 2920 2922
2922 2920 1341 1678
2921 2922 1678 1354
1307 2579 2924 2923
2579 401 402 2924
2924 402 403 2582
2923 2924 2582 734
1296 2925 2926 2613
2925 389 390 2926
2926 390 391 2641
2613 2926 2641 730
628 629 2928 2716
629 630 2863 2928
2928 2863 1256 2927
2716 2928 2927 736
1303 2626 2929 2572
2626 395 396 2929
2929 396 397 2596
2572 2929 2596 732
1338 2564 2930 2553
2564 407 408 2930
2930 408 409 2537
2553 2930 2537 735
1312 2592 2932 2931
2592 383 384 2932
2932 384 385 2622
2931 2932 2622 729
1342 1724 2934 2796
1724 1341 2920 2934
2934 2920 1340 2933
2796 2934 2933 755
728 2935 2938 2937
2935 1271 2936 2938
2938 2936 608 609
2937 2938 609 610
1271 2739 2939 2936
2739 1265 2873 2939
2939 2873 606 607
2936 2939 607 608
598 599 2941 2693
599 600 2793 2941
2941 2793 1201 2940
2693 2941 2940 724
315 2942 2944 314
2942 755 2933 2944
2944 2933 1340 2943
314 2944 2943 313
592 593 2946 2755
593 594 2751 2946
2946 2751 1195 2945
2755 2946 2945 723
1244 2947 2950 2949
2947 1246 1974 2950
2950 1974 1245 2948
2949 2950 2948 1242
1319 2575 2951 2513
2575 413 414 2951
2951 414 415 2535
2513 2951 2535 737
1061 2098 2952 2205
2098 742 2150 2952
2952 2150 453 454
2205 2952 454 455
1327 2479 2953 2437
2479 425 426 2953
2953 426 427 2482
2437 2953 2482 739
1323 2509 2954 2475
2509 419 420 2954
2954 420 421 2525
2475 2954 2525 738
1333 2454 2955 2400
2454 431 432 2955
2955 432 433 2427
2400 2955 2427 740
1098 2327 2957 2324
2327 741 2956 2957
2957 2956 437 438
2324 2957 438 439
1275 2770 2961 2960
2770 720 2958 2961
2961 2958 1277 2959
2960 2961 2959 1276
1349 1718 2964 2963
1718 1347 2962 2964
2964 2962 1344 2837
2963 2964 2837 1348
1095 2213 2965 2252
2213 754 2322 2965
2965 2322 441 442
2252 2965 442 443
1166 2746 2966 2775
2746 710 2685 2966
2966 2685 586 587
2775 2966 587 588
1084 2057 2967 2152
2057 753 2170 2967
2967 2170 449 450
2152 2967 450 451
1091 2121 2968 2172
2121 719 2250 2968
2968 2250 445 446
2172 2968 446 447
1351 2969 2972 2971
2969 510 511 2972
2972 511 512 2970
2971 2972 2970 752
934 2892 2976 2975
2892 1241 2973 2976
2976 2973 972 2974
2975 2976 2974 936
1343 2911 2978 2895
2911 1244 2949 2978
2978 2949 1242 2977
2895 2978 2977 1241
1203 2504 2980 2979
2504 707 2493 2980
2980 2493 538 539
2979 2980 539 540
1279 2432 2983 2450
2432 944 2981 2983
2983 2981 942 2982
2450 2983 2982 967
928 2984 2988 2987
2984 1289 2985 2988
2988 2985 977 2986
2987 2988 2986 930
1315 2989 2993 2992
2989 1291 2990 2993
2993 2990 1290 2991
2992 2993 2991 1289
947 2994 2996 2395
2994 945 2995 2996
2996 2995 944 2431
2395 2996 2431 946
1294 2997 2999 2052
2997 1290 2990 2999
2999 2990 1291 2998
2052 2999 2998 1292
1343 2894 3001 2912
2894 932 3000 3001
3001 3000 930 2986
2912 3001 2986 977
307 2838 3004 306
2838 1344 3002 3004
3004 3002 744 3003
306 3004 3003 305
1202 3005 3006 2696
3005 1199 2742 3006
3006 2742 724 2940
2696 3006 2940 1201
1127 3007 3008 2844
3007 1135 2791 3008
3008 2791 893 2904
2844 3008 2904 1136
1348 2836 3011 3010
2836 309 310 3011
3011 310 311 3009
3010 3011 3009 743
1088 2339 3013 2356
2339 285 286 3013
3013 286 287 3012
2356 3013 3012 748
1273 3014 3015 2854
3014 747 2759 3015
3015 2759 634 635
2854 3015 635 636
1289 2984 3018 2992
2984 928 3016 3018
3018 3016 926 3017
2992 3018 3017 1315
1348 3010 3019 2963
3010 743 2921 3019
3019 2921 1354 1737
2963 3019 1737 1349
1113 3020 3022 2501
3020 1002 1878 3022
3022 1878 933 3021
2501 3022 3021 935
1129 3023 3025 3024
3023 1124 2766 3025
3025 2766 969 2827
3024 3025 2827 1128
930 3000 3028 3027
3000 932 3026 3028
3028 3026 933 1877
3027 3028 1877 931
935 3021 3030 3029
3021 933 3026 3030
3030 3026 932 2893
3029 3030 2893 934
1347 1857 3031 2962
1857 1345 1923 3031
3031 1923 744 3002
2962 3031 3002 1344
1274 3032 3034 3033
3032 1263 2846 3034
3034 2846 747 3014
3033 3034 3014 1273
640 641 3037 2772
641 642 3035 3037
3037 3035 1359 3036
2772 3037 3036 720
934 2975 3039 3029
2975 936 3038 3039
3039 3038 937 2502
3029 3039 2502 935
942 2981 3041 3040
2981 944 2995 3041
3041 2995 945 2420
3040 3041 2420 943
938 3042 3046 3045
3042 940 3043 3046
3046 3043 941 3044
3045 3046 3044 939
1241 2977 3049 2973
2977 1242 3047 3049
3049 3047 1243 3048
2973 3049 3048 972
926 3016 3053 3052
3016 928 3050 3053
3053 3050 929 3051
3052 3053 3051 927
940 3054 3055 3043
3054 942 3040 3055
3055 3040 943 2486
3043 3055 2486 941
936 3056 3057 3038
3056 938 3045 3057
3057 3045 939 2458
3038 3057 2458 937
1295 2913 3059 3058
2913 977 2985 3059
3059 2985 1289 2991
3058 3059 2991 1290
928 2987 3061 3050
2987 930 3027 3061
3061 3027 931 3060
3050 3061 3060 929
1081 2306 3064 3063
2306 504 505 3064
3064 505 506 3062
3063 3064 3062 711
1266 3065 3066 2832
3065 1268 2698 3066
3066 2698 1270 2879
2832 3066 2879 725
1276 1613 3067 2960
1613 1274 3033 3067
3067 3033 1273 2853
2960 3067 2853 1275
1109 3068 3069 2485
3068 1010 2459 3069
3069 2459 939 3044
2485 3069 3044 941
743 3009 3070 2919
3009 311 312 3070
3070 312 313 2943
2919 3070 2943 1340
1437 3071 3073 2034
3071 703 3072 3073
3073 3072 514 515
2034 3073 515 516
1257 3074 3076 3075
3074 1254 2761 3076
3076 2761 736 2927
3075 3076 2927 1256
1078 3077 3078 2202
3077 498 499 3078
3078 499 500 2093
2202 3078 2093 701
1350 1736 3080 2197
1736 1024 2077 3080
3080 2077 923 3079
2197 3080 3079 925
1139 3081 3083 2021
3081 1014 2900 3083
3083 2900 1141 3082
2021 3083 3082 1140
924 3084 3086 3085
3084 926 3052 3086
3086 3052 927 2195
3085 3086 2195 925
1251 1962 3088 3087
1962 1249 2812 3088
3088 2812 733 2902
3087 3088 2902 1250
1421 3089 3091 1639
3089 992 1594 3091
3091 1594 920 3090
1639 3091 3090 918
1223 2391 3092 2405
2391 704 1980 3092
3092 1980 520 521
2405 3092 521 522
1217 2408 3093 2425
2408 706 2412 3093
3093 2412 526 527
2425 3093 527 528
1211 2445 3094 2532
2445 708 2467 3094
3094 2467 532 533
2532 3094 533 534
1355 1723 3097 2078
1723 1021 3095 3097
3097 3095 919 3096
2078 3097 3096 921
925 3079 3100 3085
3079 923 3098 3100
3100 3098 922 3099
3085 3100 3099 924
936 2974 3103 3056
2974 972 3101 3103
3103 3101 1357 3102
3056 3103 3102 938
1576 1606 3106 2238
1606 1119 3104 3106
3106 3104 1118 3105
2238 3106 3105 1121
901 3107 3110 2808
3107 902 3108 3110
3110 3108 904 3109
2808 3110 3109 903
897 3111 3114 2803
3111 898 3112 3114
3114 3112 900 3113
2803 3114 3113 899
903 3109 3117 2828
3109 904 3115 3117
3117 3115 906 3116
2828 3117 3116 905
899 3113 3119 2834
3113 900 3118 3119
3119 3118 902 3107
2834 3119 3107 901
1253 1895 3120 2763
1895 1251 3087 3120
3120 3087 1250 2777
2763 3120 2777 1252
891 3121 3123 2790
3121 892 3122 3123
3123 3122 894 2905
2790 3123 2905 893
886 3124 3126 2815
3124 887 3125 3126
3126 3125 892 3121
2815 3126 3121 891
884 3127 3129 2725
3127 885 3128 3129
3129 3128 887 3124
2725 3129 3124 886
911 2881 3132 3131
2881 1287 3130 3132
3132 3130 974 2841
3131 3132 2841 909
755 2942 3133 2797
2942 315 316 3133
3133 316 317 2909
2797 3133 2909 1356
920 1593 3135 3134
1593 922 3098 3135
3135 3098 923 2076
3134 3135 2076 921
894 3136 3137 2906
3136 896 2176 3137
3137 2176 898 3111
2906 3137 3111 897
905 3116 3140 2721
3116 906 3138 3140
3140 3138 908 3139
2721 3140 3139 907
882 3141 3143 2730
3141 883 3142 3143
3143 3142 885 3127
2730 3143 3127 884
1131 3144 3145 2735
3144 1129 3024 3145
3145 3024 1128 2719
2735 3145 2719 1130
880 3146 3148 2899
3146 881 3147 3148
3148 3147 883 3141
2899 3148 3141 882
1178 2644 3149 2659
2644 705 2655 3149
3149 2655 574 575
2659 3149 575 576
1193 3150 3152 2616
3150 699 3151 3152
3152 3151 556 557
2616 3152 557 558
1189 2599 3153 2631
2599 700 2604 3153
3153 2604 562 563
2631 3153 563 564
1172 2662 3154 2674
2662 709 2670 3154
3154 2670 580 581
2674 3154 581 582
1184 2619 3155 2639
2619 702 2634 3155
3155 2634 568 569
2639 3155 569 570
1198 3156 3158 2744
3156 1196 3157 3158
3158 3157 1195 2750
2744 3158 2750 1197
1284 2519 3160 3159
2519 1357 3101 3160
3160 3101 972 3048
3159 3160 3048 1243
878 3161 3163 2820
3161 879 3162 3163
3163 3162 881 3146
2820 3163 3146 880
921 3096 3165 3134
3096 919 3164 3165
3165 3164 918 3090
3134 3165 3090 920
876 3166 3168 2860
3166 877 3167 3168
3168 3167 879 3161
2860 3168 3161 878
1262 1700 3169 2848
1700 1257 3075 3169
3169 3075 1256 2862
2848 3169 2862 1261
907 3139 3171 2840
3139 908 1780 3171
3171 1780 910 3170
2840 3171 3170 909
919 3172 3174 3164
3172 917 3173 3174
3174 3173 916 1636
3164 3174 1636 918
1285 2705 3177 3176
2705 323 324 3177
3177 324 325 3175
3176 3177 3175 690
1148 1845 3179 2681
1845 1149 3178 3179
3179 3178 1158 2897
2681 3179 2897 722
1429 3180 3182 1799
3180 999 1646 3182
3182 1646 914 3181
1799 3182 3181 912
874 3183 3185 2875
3183 875 3184 3185
3185 3184 877 3166
2875 3185 3166 876
1196 3186 3187 3157
3186 1163 2823 3187
3187 2823 723 2945
3157 3187 2945 1195
1260 2174 3191 3190
2174 1023 3188 3191
3191 3188 1033 3189
3190 3191 3189 1070
872 3192 3194 2888
3192 873 3193 3194
3194 3193 875 3183
2888 3194 3183 874
1173 2663 3197 3196
2663 1172 2673 3197
3197 2673 1170 3195
3196 3197 3195 1171
909 3170 3199 3131
3170 910 1797 3199
3199 1797 912 3198
3131 3199 3198 911
896 3136 3202 3201
3136 894 3122 3202
3202 3122 892 3200
3201 3202 3200 895
916 3203 3206 1645
3203 915 3204 3206
3206 3204 913 3205
1645 3206 3205 914
1025 3207 3209 3208
3207 1023 2177 3209
3209 2177 896 3201
3208 3209 3201 895
870 3210 3213 3212
3210 871 3211 3213
3213 3211 873 3192
3212 3213 3192 872
911 3198 3214 2882
3198 912 3181 3214
3214 3181 914 3205
2882 3214 3205 913
1356 2908 3215 2798
2908 712 2851 3215
3215 2851 1118 3104
2798 3215 3104 1119
345 3216 3218 344
3216 1358 2297 3218
3218 2297 693 3217
344 3218 3217 343
883 3219 3222 3142
3219 888 3220 3222
3222 3220 1360 3221
3142 3222 3221 885
1309 3223 3225 2653
3223 1310 3224 3225
3225 3224 1312 2931
2653 3225 2931 729
908 3138 3227 1781
3138 906 3226 3227
3227 3226 1361 1960
1781 3227 1960 1009
895 3200 3230 3229
3200 892 3125 3230
3230 3125 887 3228
3229 3230 3228 1362
871 3210 3234 3233
3210 870 3231 3234
3234 3231 868 3232
3233 3234 3232 869
885 3221 3236 3128
3221 1360 3235 3236
3236 3235 1362 3228
3128 3236 3228 887
866 3237 3240 3239
3237 867 3238 3240
3240 3238 869 3232
3239 3240 3232 868
1179 2645 3242 3241
2645 1178 2658 3242
3242 2658 1176 2666
3241 3242 2666 1177
1151 1659 3245 3244
1659 862 3243 3245
3245 3243 864 2224
3244 3245 2224 995
867 3237 3248 3247
3237 866 2225 3248
3248 2225 864 3246
3247 3248 3246 865
864 3243 3252 3251
3243 862 3249 3252
3252 3249 861 3250
3251 3252 3250 863
862 1662 3255 3249
1662 860 3253 3255
3255 3253 859 3254
3249 3255 3254 861
1185 2620 3256 1625
2620 1184 2638 3256
3256 2638 1182 2648
1625 3256 2648 1183
1152 3257 3261 3260
3257 988 3258 3261
3261 3258 856 3259
3260 3261 3259 858
1152 3260 3263 1661
3260 858 3262 3263
3263 3262 859 3253
1661 3263 3253 860
389 2925 3265 388
2925 1296 3264 3265
3265 3264 1308 2623
388 3265 2623 387
1310 3266 3268 3224
3266 1571 3267 3268
3268 3267 1313 2593
3224 3268 2593 1312
858 3259 3272 3271
3259 856 3269 3272
3272 3269 855 3270
3271 3272 3270 857
1565 3273 3276 1588
3273 976 3274 3276
3276 3274 855 3275
1588 3276 3275 853
856 3277 3279 3269
3277 854 3278 3279
3279 3278 853 3275
3269 3279 3275 855
1297 3280 3281 2612
3280 1299 2651 3281
3281 2651 1308 3264
2612 3281 3264 1296
854 3282 3284 3278
3282 852 3283 3284
3284 3283 851 1589
3278 3284 1589 853
1304 3285 3286 2571
3285 1302 2609 3286
3286 2609 1301 2627
2571 3286 2627 1303
980 3287 3290 3289
3287 850 3288 3290
3290 3288 851 3283
3289 3290 3283 852
850 3291 3295 3294
3291 848 3292 3295
3295 3292 847 3293
3294 3295 3293 849
847 3296 3299 2248
3296 846 3297 3299
3299 3297 844 3298
2248 3299 3298 845
845 3298 3303 3302
3298 844 3300 3303
3303 3300 842 3301
3302 3303 3301 843
843 3301 3307 3306
3301 842 3304 3307
3307 3304 840 3305
3306 3307 3305 841
841 3305 3311 3310
3305 840 3308 3311
3311 3308 838 3309
3310 3311 3309 839
839 3309 3315 3314
3309 838 3312 3315
3315 3312 836 3313
3314 3315 3313 837
1116 2561 3318 2550
2561 1029 3316 3318
3318 3316 1028 3317
2550 3318 3317 832
834 3319 3323 3322
3319 836 3320 3323
3323 3320 1364 3321
3322 3323 3321 1005
970 3324 3326 3325
3324 1364 3320 3326
3326 3320 836 3312
3325 3326 3312 838
837 3313 3329 3328
3313 836 3319 3329
3329 3319 834 3327
3328 3329 3327 835
1042 2130 3331 2560
2130 1041 1750 3331
3331 1750 1036 3330
2560 3331 3330 1029
835 3327 3335 3334
3327 834 3332 3335
3335 3332 831 3333
3334 3335 3333 833
829 2547 3338 3337
2547 832 3336 3338
3338 3336 833 3333
3337 3338 3333 831
540 541 3340 2979
541 542 2516 3340
3340 2516 1234 3339
2979 3340 3339 1203
938 3102 3342 3042
3102 1357 2522 3342
3342 2522 1368 3341
3042 3342 3341 940
1005 3343 3345 3322
3343 1365 3344 3345
3345 3344 831 3332
3322 3345 3332 834
829 3337 3348 3347
3337 831 3344 3348
3348 3344 1365 3346
3347 3348 3346 830
828 3349 3353 3352
3349 830 3350 3353
3353 3350 1035 3351
3352 3353 3351 1034
544 545 3355 2517
545 546 3354 3355
3355 3354 1369 2527
2517 3355 2527 697
830 3349 3357 3347
3349 828 3356 3357
3357 3356 827 2548
3347 3357 2548 829
1204 2505 3358 2498
2505 1203 3339 3358
3358 3339 1234 2488
2498 3358 2488 1205
822 3359 3363 3362
3359 965 3360 3363
3363 3360 1366 3361
3362 3363 3361 824
828 3364 3367 3356
3364 826 3365 3367
3367 3365 824 3366
3356 3367 3366 827
1116 2549 3368 2562
2549 827 3366 3368
3368 3366 824 3361
2562 3368 3361 1366
826 3364 3371 3370
3364 828 3352 3371
3371 3352 1034 3369
3370 3371 3369 1367
1367 2299 3374 3370
2299 1018 3372 3374
3374 3372 823 3373
3370 3374 3373 826
1237 3375 3376 2047
3375 1236 2542 3376
3376 2542 1239 1938
2047 3376 1938 1238
967 2982 3378 3377
2982 942 3054 3378
3378 3054 940 3341
3377 3378 3341 1368
1352 2543 3379 2557
2543 1369 3354 3379
3379 3354 546 547
2557 3379 547 548
826 3373 3381 3365
3373 823 3380 3381
3381 3380 822 3362
3365 3381 3362 824
1212 2446 3383 3382
2446 1211 2531 3383
3383 2531 1209 2469
3382 3383 2469 1210
823 3384 3387 3380
3384 821 3385 3387
3387 3385 820 3386
3380 3387 3386 822
1334 1675 3388 2399
1675 1332 2442 3388
3388 2442 1331 2455
2399 3388 2455 1333
821 3389 3392 3385
3389 819 3390 3392
3392 3390 818 3391
3385 3392 3391 820
819 3393 3396 3390
3393 817 3394 3396
3396 3394 816 3395
3390 3396 3395 818
1110 2029 3399 3398
2029 1111 3397 3399
3399 3397 1112 2460
3398 3399 2460 1010
1284 3400 3402 2520
3400 1283 1890 3402
3402 1890 1282 3401
2520 3402 3401 1281
817 3403 3406 3394
3403 815 3404 3406
3406 3404 814 3405
3394 3406 3405 816
1218 2409 3408 3407
2409 1217 2424 3408
3408 2424 1215 2463
3407 3408 2463 1216
815 3409 3412 3404
3409 813 3410 3412
3412 3410 811 3411
3404 3412 3411 814
1368 2521 3414 3377
2521 1281 3413 3414
3414 3413 1280 2451
3377 3414 2451 967
813 3415 3418 3410
3415 810 3416 3418
3418 3416 809 3417
3410 3418 3417 811
810 3419 3422 3416
3419 808 3420 3422
3422 3420 807 3421
3416 3422 3421 809
1224 2392 3424 3423
2392 1223 2404 3424
3424 2404 1221 2415
3423 3424 2415 1222
808 3425 3428 3420
3425 806 3426 3428
3428 3426 805 3427
3420 3428 3427 807
958 3429 3433 3432
3429 956 3430 3433
3433 3430 954 3431
3432 3433 3431 957
806 3434 3437 3426
3434 804 3435 3437
3437 3435 803 3436
3426 3437 3436 805
804 1733 3440 3435
1733 802 3438 3440
3440 3438 801 3439
3435 3440 3439 803
1105 3441 3444 1769
3441 1102 3442 3444
3444 3442 1103 3443
1769 3444 3443 1104
802 1793 3447 3438
1793 800 3445 3447
3447 3445 799 3446
3438 3447 3446 801
1474 3448 3450 1795
3448 991 1630 3450
3450 1630 798 3449
1795 3450 3449 800
800 3449 3453 3445
3449 798 3451 3453
3453 3451 797 3452
3445 3453 3452 799
1279 2449 3455 2433
2449 1103 3442 3455
3455 3442 1102 3454
2433 3455 3454 1101
1106 2371 3458 3457
2371 964 3456 3458
3458 3456 1101 3454
3457 3458 3454 1102
798 1629 3461 3451
1629 796 3459 3461
3461 3459 795 3460
3451 3461 3460 797
1228 2008 3463 1835
2008 993 1599 3463
3463 1599 793 3462
1835 3463 3462 791
796 1641 3465 3459
1641 794 3464 3465
3465 3464 793 1598
3459 3465 1598 795
1468 3466 3469 1643
3466 986 3467 3469
3469 3467 792 3468
1643 3469 3468 794
748 3012 3472 3471
3012 287 288 3472
3472 288 289 3470
3471 3472 3470 1370
946 2430 3474 2396
2430 1101 3456 3474
3474 3456 964 3473
2396 3474 3473 948
794 3468 3476 3464
3468 792 3475 3476
3476 3475 791 3462
3464 3476 3462 793
741 2352 3478 2956
2352 1374 3477 3478
3478 3477 435 436
2956 3478 436 437
792 3479 3481 3475
3479 790 3480 3481
3481 3480 789 1836
3475 3481 1836 791
788 3482 3486 3485
3482 790 3483 3486
3486 3483 1371 3484
3485 3486 3484 1012
986 1617 3487 3467
1617 1371 3483 3487
3487 3483 790 3479
3467 3487 3479 792
961 2272 3490 3489
2272 982 3488 3490
3490 3488 1032 1651
3489 3490 1651 1388
790 3482 3492 3480
3482 788 3491 3492
3492 3491 787 1866
3480 3492 1866 789
433 434 3493 2428
434 435 3477 3493
3493 3477 1374 1989
2428 3493 1989 1337
784 3494 3498 3497
3494 786 3495 3498
3498 3495 1373 3496
3497 3498 3496 1007
1012 3499 3501 3485
3499 1373 3495 3501
3501 3495 786 3500
3485 3501 3500 788
788 3500 3504 3491
3500 786 3502 3504
3504 3502 785 3503
3491 3504 3503 787
1066 3505 3508 2116
3505 1392 3506 3508
3508 3506 1527 3507
2116 3508 3507 1057
1071 3509 3512 3511
3509 958 3432 3512
3512 3432 957 3510
3511 3512 3510 1026
711 3062 3514 2361
3062 506 507 3514
3514 507 508 3513
2361 3514 3513 1378
786 3494 3517 3502
3494 784 3515 3517
3517 3515 783 3516
3502 3517 3516 785
1073 2350 3520 2265
2350 750 3518 3520
3520 3518 1075 3519
2265 3520 3519 1074
783 3521 3524 3523
3521 781 3522 3524
3524 3522 1375 1915
3523 3524 1915 1004
1007 3525 3528 3497
3525 1376 3526 3528
3528 3526 782 3527
3497 3528 3527 784
1040 3529 3532 3531
3529 1039 1703 3532
3532 1703 1037 3530
3531 3532 3530 1027
784 3527 3534 3515
3527 782 3533 3534
3534 3533 781 3521
3515 3534 3521 783
948 3473 3536 2382
3473 964 2374 3536
3536 2374 1379 3535
2382 3536 3535 950
756 2258 3537 2275
2258 496 497 3537
3537 497 498 3077
2275 3537 3077 1078
782 3538 3542 3541
3538 1001 3539 3542
3542 3539 1377 3540
3541 3542 3540 780
510 2969 3544 509
2969 1351 3543 3544
3544 3543 1378 3513
509 3544 3513 508
782 3541 3547 3533
3541 780 3545 3547
3547 3545 779 3546
3533 3547 3546 781
1483 3548 3550 1941
3548 965 3549 3550
3550 3549 1497 2045
1941 3550 2045 1238
1379 2373 3553 3552
2373 1040 3531 3553
3553 3531 1027 3551
3552 3553 3551 1380
997 3554 3557 3556
3554 778 3555 3557
3557 3555 780 3540
3556 3557 3540 1377
957 3431 3560 3559
3431 954 2366 3560
3560 2366 952 3558
3559 3560 3558 1380
1065 3561 3564 2220
3561 768 3562 3564
3564 3562 769 3563
2220 3564 3563 770
950 3535 3565 2378
3535 1379 3552 3565
3565 3552 1380 3558
2378 3565 3558 952
780 3555 3568 3545
3555 778 3566 3568
3568 3566 777 3567
3545 3568 3567 779
1156 2226 3570 1844
2226 866 3239 3570
3570 3239 868 3569
1844 3570 3569 1383
781 3546 3572 3522
3546 779 3571 3572
3572 3571 1382 1982
3522 3572 1982 1375
959 3573 3576 3575
3573 958 3509 3576
3576 3509 1071 3574
3575 3576 3574 960
1380 3551 3578 3559
3551 1027 3577 3578
3578 3577 1026 3510
3559 3578 3510 957
1083 2362 3580 1917
2362 1378 3543 3580
3580 3543 1351 3579
1917 3580 3579 1381
906 3115 3582 3226
3115 904 3581 3582
3582 3581 1385 2003
3226 3582 2003 1361
1187 2246 3584 1688
2246 845 3302 3584
3584 3302 843 3583
1688 3584 3583 1384
1025 3585 3589 3588
3585 1452 3586 3589
3589 3586 1272 3587
3588 3589 3587 1444
778 3590 3593 3566
3590 776 3591 3593
3593 3591 775 3592
3566 3593 3592 777
1011 2142 3595 3594
2142 1382 3571 3595
3595 3571 779 3567
3594 3595 3567 777
738 2524 3597 2476
2524 1326 3596 3597
3597 3596 1387 1832
2476 3597 1832 1325
766 2274 3599 2162
2274 767 3598 3599
3599 3598 769 3562
2162 3599 3562 768
841 3600 3601 3306
3600 989 1670 3601
3601 1670 1384 3583
3306 3601 3583 843
870 3602 3603 3231
3602 1000 1840 3603
3603 1840 1383 3569
3231 3603 3569 868
776 3604 3607 3591
3604 774 3605 3607
3607 3605 773 3606
3591 3607 3606 775
1367 3369 3610 2300
3369 1034 3608 3610
3610 3608 1502 3609
2300 3610 3609 1493
1015 2085 3612 3611
2085 1385 3581 3612
3612 3581 904 3108
3611 3612 3108 902
1516 1891 3615 3614
1891 1283 3613 3615
3615 3613 1524 1933
3614 3615 1933 716
1153 3616 3620 3619
3616 1154 3617 3620
3620 3617 1399 3618
3619 3620 3618 988
1070 3189 3624 3623
3189 1033 3621 3624
3624 3621 1433 3622
3623 3624 3622 1424
773 3625 3628 3627
3625 772 3626 3628
3628 3626 771 2221
3627 3628 2221 770
962 2185 3631 3630
2185 960 3574 3631
3631 3574 1071 3629
3630 3631 3629 984
1386 3632 3635 3634
3632 1542 3633 3635
3635 3633 1548 1864
3634 3635 1864 1214
1210 3636 3638 3382
3636 1386 3634 3638
3638 3634 1214 3637
3382 3638 3637 1212
960 2184 3640 3575
2184 961 3489 3640
3640 3489 1388 3639
3575 3640 3639 959
852 3282 3644 3643
3282 854 3641 3644
3644 3641 1399 3642
3643 3644 3642 1363
1328 1827 3645 2436
1827 1387 3596 3645
3645 3596 1326 2480
2436 3645 2480 1327
1016 3646 3649 3648
3646 1488 2140 3649
3649 2140 1090 3647
3648 3649 3647 1487
696 2689 3652 3651
2689 1159 3650 3652
3652 3650 1400 1945
3651 3652 1945 1160
702 2618 3654 2635
2618 1186 1672 3654
3654 1672 1401 3653
2635 3654 3653 1188
731 2868 3657 3656
2868 1258 3655 3657
3657 3655 1403 2073
3656 3657 2073 1259
642 643 3660 3035
643 644 3658 3660
3660 3658 1404 3659
3035 3660 3659 1359
1477 3661 3664 3663
3661 1431 3662 3664
3664 3662 1062 2289
3663 3664 2289 1060
804 3434 3666 1734
3434 806 3665 3666
3666 3665 1405 1830
1734 3666 1830 998
703 3667 3669 3072
3667 1390 3668 3669
3669 3668 512 513
3072 3669 513 514
1259 3670 3672 3656
3670 1070 3623 3672
3672 3623 1424 3671
3656 3672 3671 731
1060 2288 3674 3673
2288 1059 2304 3674
3674 2304 749 2386
3673 3674 2386 1048
676 677 3677 3676
677 678 3675 3677
3677 3675 1409 1697
3676 3677 1697 713
1457 3678 3681 1871
3678 1108 3679 3681
3681 3679 1469 3680
1871 3681 3680 746
305 3003 3683 304
3003 744 1922 3683
3683 1922 1407 3682
304 3683 3682 303
1066 2309 3686 3505
2309 1054 3684 3686
3686 3684 1529 3685
3505 3686 3685 1392
768 3561 3688 2163
3561 1065 2117 3688
3688 2117 1057 3687
2163 3688 3687 1017
1043 2269 3691 3690
2269 1079 2015 3691
3691 2015 1408 3689
3690 3691 3689 1396
1470 2022 3694 3693
2022 1140 3692 3694
3694 3692 1479 1811
3693 3694 1811 694
777 3592 3696 3594
3592 775 3695 3696
3696 3695 1408 2014
3594 3696 2014 1011
988 3618 3697 3258
3618 1399 3641 3697
3697 3641 854 3277
3258 3697 3277 856
1034 3351 3699 3608
3351 1035 1888 3699
3699 1888 1511 3698
3608 3699 3698 1502
1027 3530 3701 3577
3530 1037 1608 3701
3701 1608 1430 3700
3577 3701 3700 1026
767 2200 3703 3598
2200 1043 3690 3703
3703 3690 1396 3702
3598 3703 3702 769
1149 1842 3704 3178
1842 1400 3650 3704
3704 3650 1159 2709
3178 3704 2709 1158
769 3702 3706 3563
3702 1396 3705 3706
3706 3705 773 3627
3563 3706 3627 770
1190 2600 3707 1712
2600 1189 2630 3707
3707 2630 1188 3653
1712 3707 3653 1401
339 3708 3711 338
3708 1402 3709 3711
3711 3709 692 3710
338 3711 3710 337
1248 2086 3712 2813
2086 1403 3655 3712
3712 3655 1258 2890
2813 3712 2890 1247
718 2082 3714 3713
2082 1404 3658 3714
3714 3658 644 645
3713 3714 645 646
983 2293 3716 2271
2293 1030 3715 3716
3716 3715 1032 3488
2271 3716 3488 982
1452 3717 3719 3586
3717 1462 3718 3719
3719 3718 1267 2737
3586 3719 2737 1272
992 3089 3721 1615
3089 1421 3720 3721
3721 3720 1263 3032
1615 3721 3032 1274
902 3118 3723 3611
3118 900 3722 3723
3723 3722 1415 2071
3611 3723 2071 1015
835 3724 3726 3328
3724 994 1665 3726
3726 1665 1423 3725
3328 3726 3725 837
737 2534 3728 2514
2534 1322 3727 3728
3728 3727 1425 1854
2514 3728 1854 1321
1051 3729 3732 2062
3729 1052 3730 3732
3732 3730 1539 3731
2062 3732 3731 1053
1002 3020 3734 2568
3020 1113 3733 3734
3734 3733 1427 1847
2568 3734 1847 1114
1049 2318 3737 3736
2318 1050 3735 3737
3737 3735 1054 2311
3736 3737 2311 1412
361 2687 3739 360
2687 696 2019 3739
3739 2019 1428 3738
360 3739 3738 359
999 3180 3741 1699
3180 1429 3740 3741
3741 3740 1254 3074
1699 3741 3074 1257
700 2598 3743 2602
2598 1191 1667 3743
3743 1667 1432 3742
2602 3743 3742 1192
610 611 3746 2937
611 612 3744 3746
3746 3744 1433 3745
2937 3746 3745 728
879 3747 3750 3162
3747 1417 3748 3750
3750 3748 1480 3749
3162 3750 3749 881
1260 3751 3752 2175
3751 1415 3722 3752
3752 3722 900 3112
2175 3752 3112 898
1518 3753 3755 1886
3753 1525 3754 3755
3755 3754 1304 2570
1886 3755 2570 1305
1216 3756 3759 3407
3756 1410 3757 3759
3759 3757 1220 3758
3407 3759 3758 1218
1396 3689 3760 3705
3689 1408 3695 3760
3760 3695 775 3606
3705 3760 3606 773
806 3425 3762 3665
3425 808 3761 3762
3762 3761 1416 1898
3665 3762 1898 1405
810 3415 3765 3764
3415 813 3763 3765
3765 3763 1435 1852
3764 3765 1852 1006
1068 1657 3766 2283
1657 1409 3675 3766
3766 3675 678 679
2283 3766 679 680
1276 2959 3769 1614
2959 1277 3767 3769
3769 3767 1411 3768
1614 3769 3768 1278
1229 2050 3771 2033
2050 1227 2345 3771
3771 2345 1230 3770
2033 3771 3770 1437
1370 3772 3775 3774
3772 1469 3679 3775
3775 3679 1108 3773
3774 3775 3773 1487
299 3776 3778 298
3776 745 2089 3778
3778 2089 1438 3777
298 3778 3777 297
1505 3779 3782 3781
3779 875 3193 3782
3782 3193 873 3780
3781 3782 3780 1439
1359 3659 3784 3783
3659 1404 2081 3784
3784 2081 1293 1948
3783 3784 1948 1441
1000 3602 3786 1943
3602 870 3212 3786
3786 3212 872 3785
1943 3786 3785 1413
1079 2268 3788 2012
2268 1080 2307 3788
3788 2307 1081 3787
2012 3788 3787 1420
989 3600 3790 1711
3600 841 3310 3790
3790 3310 839 3789
1711 3790 3789 1414
1070 3670 3791 3190
3670 1259 2072 3791
3791 2072 1415 3751
3190 3791 3751 1260
1528 1783 3794 3793
1783 692 3709 3794
3794 3709 1402 3792
3793 3794 3792 1520
832 3317 3797 3336
3317 1028 3795 3797
3797 3795 1443 3796
3336 3797 3796 833
303 3682 3799 302
3682 1407 1936 3799
3799 1936 1418 3798
302 3799 3798 301
721 1716 3802 2286
1716 1496 3800 3802
3802 3800 1484 3801
2286 3802 3801 1058
711 2360 3803 3063
2360 1082 2143 3803
3803 2143 1420 3787
3063 3803 3787 1081
872 2887 3806 3785
2887 1240 3804 3806
3806 3804 1482 3805
3785 3806 3805 1413
1006 2000 3807 3764
2000 1416 3761 3807
3807 3761 808 3419
3764 3807 3419 810
1014 3081 3809 2818
3081 1139 1807 3809
3809 1807 1449 3808
2818 3809 3808 1138
995 1726 3812 3244
1726 1150 3810 3812
3812 3810 1467 3811
3244 3812 3811 1151
474 475 3816 3815
475 476 3813 3816
3816 3813 688 3814
3815 3816 3814 1391
478 479 3820 3819
479 480 3817 3820
3820 3817 760 3818
3819 3820 3818 1394
476 477 3822 3813
477 478 3819 3822
3822 3819 1394 3821
3813 3822 3821 688
772 3823 3826 3626
3823 825 3824 3826
3826 3824 1451 3825
3626 3826 3825 771
895 3229 3828 3208
3229 1362 3827 3828
3828 3827 1452 3585
3208 3828 3585 1025
1346 2342 3830 1876
2342 1453 3829 3830
3830 3829 929 3060
1876 3830 3060 931
1525 3831 3833 3754
3831 1533 3832 3833
3833 3832 1302 3285
3754 3833 3285 1304
735 2539 3835 2554
2539 1316 3834 3835
3835 3834 1454 1882
2554 3835 1882 1317
1476 3836 3838 2101
3836 1018 2302 3838
3838 2302 1485 3837
2101 3838 3837 1318
260 3839 3842 259
3839 689 3840 3842
3842 3840 1395 3841
259 3842 3841 258
1232 2261 3845 3844
2261 1019 3843 3845
3845 3843 1455 1766
3844 3845 1766 1233
877 3846 3848 3167
3846 889 3847 3848
3848 3847 1417 3747
3167 3848 3747 879
745 3776 3849 1849
3776 299 300 3849
3849 300 301 3798
1849 3849 3798 1418
787 3503 3851 1867
3503 785 3850 3851
3851 3850 1455 3843
1867 3851 3843 1019
1010 3068 3853 3398
3068 1109 3852 3853
3853 3852 1457 1870
3398 3853 1870 1110
670 671 3856 3855
671 672 3854 3856
3856 3854 1458 1953
3855 3856 1953 714
355 3857 3859 354
3857 695 1809 3859
3859 1809 1460 3858
354 3859 3858 353
333 3860 3863 332
3860 1419 3861 3863
3863 3861 691 3862
332 3863 3862 331
1540 1975 3866 3865
1975 1246 3864 3866
3866 3864 1545 2039
3865 3866 2039 717
1072 3867 3868 1696
3867 1071 3511 3868
3868 3511 1026 3700
1696 3868 3700 1430
817 3393 3871 3870
3393 819 3869 3871
3871 3869 1466 1880
3870 3871 1880 1013
1147 2786 3873 2683
2786 1157 3872 3873
3873 3872 1467 3810
2683 3873 3810 1150
1262 2847 3874 1701
2847 1263 3720 3874
3874 3720 1421 1638
1701 3874 1638 1264
1102 3441 3876 3457
3441 1105 1691 3876
3876 1691 1472 3875
3457 3876 3875 1106
258 3841 3879 257
3841 1395 3877 3879
3879 3877 759 3878
257 3879 3878 256
1431 3661 3882 3881
3661 1477 3880 3882
3882 3880 1451 3824
3881 3882 3824 825
260 261 3885 3884
261 262 3883 3885
3885 3883 761 2334
3884 3885 2334 1397
1222 3886 3888 3423
3886 1422 3887 3888
3888 3887 1226 2389
3423 3888 2389 1224
293 3889 3891 292
3889 746 3680 3891
3891 3680 1469 3890
292 3891 3890 291
1414 3789 3892 1708
3789 839 3314 3892
3892 3314 837 3725
1708 3892 3725 1423
550 551 3894 2556
551 552 3893 3894
3894 3893 1471 2026
2556 3894 2026 698
1513 1685 3897 3896
1685 968 3895 3897
3897 3895 1519 2158
3896 3897 2158 1208
480 481 3900 3817
481 482 3898 3900
3900 3898 1393 3899
3817 3900 3899 760
731 3671 3902 2869
3671 1424 3901 3902
3902 3901 614 615
2869 3902 615 616
1491 1813 3905 3904
1813 1143 3903 3905
3905 3903 1499 2295
3904 3905 2295 1358
991 3448 3907 1674
3448 1474 3906 3907
3907 3906 1329 2440
1674 3907 2440 1332
985 3908 3910 1947
3908 1411 3767 3910
3910 3767 1277 3909
1947 3910 3909 1441
1573 1972 3913 3912
1972 1220 3757 3913
3913 3757 1410 3911
3912 3913 3911 1563
1324 2001 3914 2474
2001 1425 3727 3914
3914 3727 1322 2510
2474 3914 2510 1323
1584 3915 3918 3917
3915 1478 3916 3918
3918 3916 1351 2971
3917 3918 2971 752
1020 3919 3921 2723
3919 1143 1812 3921
3921 1812 1479 3920
2723 3921 3920 1142
696 3651 3922 2017
3651 1160 1944 3922
3922 1944 1413 3805
2017 3922 3805 1482
842 3300 3926 3925
3300 844 3923 3926
3926 3923 975 3924
3925 3926 3924 1426
728 3745 3929 3928
3745 1433 3621 3929
3929 3621 1033 3927
3928 3929 3927 1444
256 3878 3932 255
3878 759 3930 3932
3932 3930 1406 3931
255 3932 3931 254
1028 3933 3935 3795
3933 1522 3934 3935
3935 3934 1194 1908
3795 3935 1908 1443
945 2994 3937 2421
2994 947 3936 3937
3937 3936 1488 3646
2421 3937 3646 1016
760 3938 3941 3818
3938 1056 3939 3941
3941 3939 1527 3940
3818 3941 3940 1394
1271 2935 3942 2740
2935 728 3928 3942
3942 3928 1444 3587
2740 3942 3587 1272
1111 2088 3943 3397
2088 1427 3733 3943
3943 3733 1113 2500
3397 3943 2500 1112
349 3944 3946 348
3944 694 1814 3946
3946 1814 1491 3945
348 3946 3945 347
1495 3947 3949 2138
3947 1022 1824 3949
3949 1824 1503 3948
2138 3949 3948 1089
1058 3801 3952 2281
3801 1484 3950 3952
3952 3950 1463 3951
2281 3952 3951 758
1063 2096 3955 3954
2096 1062 3662 3955
3955 3662 1431 3953
3954 3955 3953 1064
664 665 3958 3957
665 666 3956 3958
3958 3956 1492 2105
3957 3958 2105 715
1253 2762 3959 1896
2762 1254 3740 3959
3959 3740 1429 1798
1896 3959 1798 1255
262 263 3962 3883
263 264 3960 3962
3962 3960 1398 3961
3883 3962 3961 761
1539 3963 3966 3731
3963 757 3964 3966
3966 3964 1529 3965
3731 3966 3965 1053
1198 2743 3970 3969
2743 1199 3967 3970
3970 3967 1498 3968
3969 3970 3968 1200
850 3294 3972 3288
3294 849 3971 3972
3972 3971 1500 2316
3288 3972 2316 851
1132 3973 3976 3975
3973 1436 3974 3976
3976 3974 1557 1756
3975 3976 1756 1133
750 2369 3978 3518
2369 1087 3977 3978
3978 3977 1503 1823
3518 3978 1823 1075
1281 3401 3980 3413
3401 1282 1773 3980
3980 1773 1501 3979
3413 3980 3979 1280
1194 3981 3982 1909
3981 1193 2615 3982
3982 2615 1192 3742
1909 3982 3742 1432
1424 3622 3983 3901
3622 1433 3744 3983
3983 3744 612 613
3901 3983 613 614
954 3430 3986 2367
3430 956 3984 3986
3986 3984 1515 3985
2367 3986 3985 955
816 3987 3989 3395
3987 968 1684 3989
3989 1684 1504 3988
3395 3989 3988 818
1127 3990 3992 3007
3990 1137 1802 3992
3992 1802 1506 3991
3007 3992 3991 1135
359 3738 3994 358
3738 1428 1928 3994
3994 1928 1440 3993
358 3994 3993 357
951 2376 3997 3996
2376 953 3995 3997
3997 3995 1510 1821
3996 3997 1821 1022
1268 3065 4000 3999
3065 1266 3998 4000
4000 3998 1473 2189
3999 4000 2189 1269
254 3931 4003 253
3931 1406 4001 4003
4003 4001 763 4002
253 4003 4002 252
327 4004 4006 326
4004 1436 4005 4006
4006 4005 690 3175
326 4006 3175 325
732 2595 4008 2573
2595 1306 4007 4008
4008 4007 1511 1887
2573 4008 1887 1305
962 3630 4011 2192
3630 984 4009 4011
4011 4009 1507 4010
2192 4011 4010 1094
1236 3375 4013 2529
3375 1237 1686 4013
4013 1686 1513 4012
2529 4013 4012 1235
343 3217 4015 342
3217 693 1804 4015
4015 1804 1514 4014
342 4015 4014 341
1232 4016 4017 2262
4016 703 3071 4017
4017 3071 1437 3770
2262 4017 3770 1230
658 659 4020 4019
659 660 4018 4020
4020 4018 1516 3614
4019 4020 3614 716
1512 4021 4024 4023
4021 1517 4022 4024
4024 4022 1163 3186
4023 4024 3186 1196
830 3346 4026 3350
3346 1365 4025 4026
4026 4025 1518 1885
3350 4026 1885 1035
1242 2948 4028 3047
2948 1245 1930 4028
4028 1930 1524 4027
3047 4028 4027 1243
871 4029 4031 3211
4029 890 4030 4031
4031 4030 1439 3780
3211 4031 3780 873
695 3857 4032 2108
3857 355 356 4032
4032 356 357 3993
2108 4032 3993 1440
1508 4033 4036 4035
4033 774 3604 4036
4036 3604 776 4034
4035 4036 4034 1523
809 4037 4039 3417
4037 973 1739 4039
4039 1739 1526 4038
3417 4039 4038 811
720 3036 4040 2958
3036 1359 3783 4040
4040 3783 1441 3909
2958 4040 3909 1277
813 3409 4042 3763
3409 815 4041 4042
4042 4041 1445 1991
3763 4042 1991 1435
1124 4043 4045 2767
4043 1125 1784 4045
4045 1784 1528 4044
2767 4045 4044 1123
1132 4046 4048 3973
4046 1446 4047 4048
4048 4047 690 4005
3973 4048 4005 1436
1291 2083 4050 2998
2083 718 4049 4050
4050 4049 1562 2053
2998 4050 2053 1292
1532 4051 4054 4053
4051 1535 4052 4054
4054 4052 1167 2748
4053 4054 2748 1164
848 3291 4056 1791
3291 850 3287 4056
4056 3287 980 4055
1791 4056 4055 1442
1204 2497 4058 2506
2497 1207 1741 4058
4058 1741 1536 4057
2506 4058 4057 1206
337 3710 4060 336
3710 692 1786 4060
4060 1786 1538 4059
336 4060 4059 335
652 653 4063 4062
653 654 4061 4063
4063 4061 1540 3865
4062 4063 3865 717
994 3724 4064 1907
3724 835 3334 4064
4064 3334 833 3796
1907 4064 3796 1443
838 3308 4066 3325
3308 840 4065 4066
4066 4065 1544 1902
3325 4066 1902 970
1290 2997 4068 3058
2997 1294 2036 4068
4068 2036 1545 4067
3058 4068 4067 1295
1561 2336 4071 4070
2336 1450 4069 4071
4071 4069 1031 2291
4070 4071 2291 1038
803 4072 4074 3436
4072 978 1861 4074
4074 1861 1548 4073
3436 4074 4073 805
1293 2080 4076 1949
2080 1291 2989 4076
4076 2989 1315 4075
1949 4076 4075 1581
1132 3975 4078 2734
3975 1133 1755 4078
4078 1755 1550 4077
2734 4078 4077 1131
1218 3758 4080 2410
3758 1220 1971 4080
4080 1971 1580 4079
2410 4080 4079 1219
297 3777 4082 296
3777 1438 2030 4082
4082 2030 1448 4081
296 4082 4081 295
1023 3207 4083 3188
3207 1025 3588 4083
4083 3588 1444 3927
3188 4083 3927 1033
1167 4084 4087 2676
4084 1169 4085 4087
4087 4085 1552 4086
2676 4087 4086 1168
926 3084 4090 4089
3084 924 4088 4090
4090 4088 1411 3908
4089 4090 3908 985
913 3204 4094 4093
3204 915 4091 4094
4094 4091 1578 4092
4093 4094 4092 979
1212 3637 4096 2447
3637 1214 1863 4096
4096 1863 1555 4095
2447 4096 4095 1213
1173 4097 4099 2664
4097 1175 2110 4099
4099 2110 1490 4098
2664 4099 4098 1174
331 3862 4101 330
3862 691 1757 4101
4101 1757 1557 4100
330 4101 4100 329
797 4102 4104 3452
4102 987 1969 4104
4104 1969 1573 4103
3452 4104 4103 799
1310 3223 4108 4107
3223 1309 4105 4108
4108 4105 1560 4106
4107 4108 4106 1311
379 2590 4111 378
2590 727 4109 4111
4111 4109 1486 4110
378 4111 4110 377
646 647 4113 3713
647 648 4112 4113
4113 4112 1562 4049
3713 4113 4049 718
974 3130 4116 2733
3130 1287 4114 4116
4116 4114 1564 4115
2733 4116 4115 1132
976 3273 4119 4118
3273 1565 4117 4119
4119 4117 1179 3241
4118 4119 3241 1177
1155 1965 4122 4121
1965 1568 4120 4122
4122 4120 373 374
4121 4122 374 375
847 3292 4124 3296
3292 848 1790 4124
4124 1790 1567 4123
3296 4124 4123 846
1480 3748 4127 2188
3748 1417 4125 4127
4127 4125 1489 4126
2188 4127 4126 1269
1013 2243 4128 3870
2243 1445 4041 4128
4128 4041 815 3403
3870 4128 3403 817
1285 3176 4130 2703
3176 690 4047 4130
4130 4047 1446 4129
2703 4130 4129 1286
1536 1740 4133 4132
1740 973 4131 4133
4133 4131 1542 3632
4132 4133 3632 1386
1514 1803 4136 4135
1803 1137 4134 4136
4136 4134 1520 3792
4135 4136 3792 1402
1077 4137 4139 1650
4137 1515 4138 4139
4139 4138 959 3639
1650 4139 3639 1388
1412 2310 4141 4140
2310 812 2222 4141
4141 2222 771 3825
4140 4141 3825 1451
1498 4142 4144 4143
4142 1489 4125 4144
4144 4125 1417 3847
4143 4144 3847 889
1534 4145 4148 4147
4145 997 3556 4148
4148 3556 1377 4146
4147 4148 4146 1551
1550 1754 4151 4150
1754 691 3861 4151
4151 3861 1419 4149
4150 4151 4149 1541
713 1610 4153 3676
1610 1447 4152 4153
4153 4152 674 675
3676 4153 675 676
746 3889 4154 1872
3889 293 294 4154
4154 294 295 4081
1872 4154 4081 1448
1145 2916 4155 2107
2916 1144 2858 4155
4155 2858 1138 3808
2107 4155 3808 1449
955 3985 4158 4157
3985 1515 4137 4158
4158 4137 1077 4156
4157 4158 4156 1521
1586 4159 4163 4162
4159 1069 4160 4163
4163 4160 1530 4161
4162 4163 4161 1434
782 3526 4165 3538
3526 1376 4164 4165
4165 4164 1566 1817
3538 4165 1817 1001
1050 2063 4166 3735
2063 1053 3965 4166
4166 3965 1529 3684
3735 4166 3684 1054
927 3051 4167 2196
3051 929 3829 4167
4167 3829 1453 1858
2196 4167 1858 996
1570 4168 4170 1744
4168 1461 4169 4170
4170 4169 1044 2168
1744 4170 2168 1003
1052 2043 4172 3730
2043 470 471 4172
4172 471 472 4171
3730 4172 4171 1539
1412 4140 4174 3736
4140 1451 3880 4174
4174 3880 1477 4173
3736 4174 4173 1049
795 1601 4177 4176
1601 1226 3887 4177
4177 3887 1422 4175
4176 4177 4175 1585
1320 2244 4178 2512
2244 1454 3834 4178
4178 3834 1316 2576
2512 4178 2576 1319
1555 1862 4181 4180
1862 978 4179 4181
4181 4179 1563 3911
4180 4181 3911 1410
1362 3235 4183 3827
3235 1360 4182 4183
4183 4182 1462 3717
3827 4183 3717 1452
1004 1767 4184 3523
1767 1455 3850 4184
4184 3850 785 3516
3523 4184 3516 783
869 3238 4188 4187
3238 867 4185 4188
4188 4185 966 4186
4187 4188 4186 1456
1017 3687 4190 4189
3687 1057 3507 4190
4190 3507 1527 3939
4189 4190 3939 1056
1108 3678 4192 4191
3678 1457 3852 4192
4192 3852 1109 2484
4191 4192 2484 1107
1580 1970 4195 4194
1970 987 4193 4195
4195 4193 1585 4175
4194 4195 4175 1422
1538 1785 4198 4197
1785 1125 4196 4198
4198 4196 1541 4149
4197 4198 4149 1419
1447 1705 4199 4152
1705 1458 3854 4199
4199 3854 672 673
4152 4199 673 674
699 1913 4201 3151
1913 1459 4200 4201
4201 4200 554 555
3151 4201 555 556
1297 2611 4204 4203
2611 1298 4202 4204
4204 4202 1543 1904
4203 4204 1904 1300
1335 1987 4206 4205
1987 1372 1618 4206
4206 1618 986 3466
4205 4206 3466 1468
772 4207 4209 3823
4207 1508 4208 4209
4209 4208 1431 3881
3823 4209 3881 825
1096 4210 4213 2215
4210 1577 4211 4213
4213 4211 1579 4212
2215 4213 4212 1097
1193 3981 4214 3150
3981 1194 3934 4214
4214 3934 1522 1911
3150 4214 1911 699
1334 2398 4215 1676
2398 1335 4205 4215
4215 4205 1468 1642
1676 4215 1642 1336
1074 3519 4218 4217
3519 1075 1822 4218
4218 1822 1510 4216
4217 4218 4216 1521
1505 3781 4222 4221
3781 1439 4219 4222
4222 4219 1512 4220
4221 4222 4220 1200
1560 4223 4226 4225
4223 1547 4224 4226
4226 4224 1426 3924
4225 4226 3924 975
1544 4227 4229 1903
4227 1426 4224 4229
4229 4224 1547 4228
1903 4229 4228 1300
353 3858 4231 352
3858 1460 2023 4231
4231 2023 1470 4230
352 4231 4230 351
1120 1995 4233 2850
1995 1464 4232 4233
4233 4232 1121 3105
2850 4233 3105 1118
371 4234 4235 2785
4234 726 2156 4235
4235 2156 1467 3872
2785 4235 3872 1157
1017 4189 4238 2164
4189 1056 4236 4238
4238 4236 1537 4237
2164 4238 4237 1055
492 2277 4241 491
2277 764 4239 4241
4241 4239 1556 4240
491 4241 4240 490
1044 4169 4243 2148
4169 1461 4242 4243
4243 4242 1561 4070
2148 4243 4070 1038
1093 4244 4246 2354
4244 1569 4245 4246
4246 4245 1577 4210
2354 4246 4210 1096
1370 3470 4247 3772
3470 289 290 4247
4247 290 291 3890
3772 4247 3890 1469
694 3944 4248 3693
3944 349 350 4248
4248 350 351 4230
3693 4248 4230 1470
1459 1752 4249 4200
1752 1471 3893 4249
4249 3893 552 553
4200 4249 553 554
1310 4107 4251 3266
4107 1311 1788 4251
4251 1788 1442 4250
3266 4251 4250 1571
819 3389 4253 3869
3389 821 4252 4253
4253 4252 1476 2100
3869 4253 2100 1466
1039 3529 4254 1952
3529 1040 2372 4254
4254 2372 1106 3875
1952 4254 3875 1472
271 2208 4257 270
2208 1067 4255 4257
4257 4255 1558 4256
270 4257 4256 269
1097 4212 4260 2384
4212 1579 4258 4260
4260 4258 1587 4259
2384 4260 4259 1099
1051 2133 4261 3729
2133 762 2232 4261
4261 2232 1494 2041
3729 4261 2041 1052
1363 3642 4263 2069
3642 1399 3617 4263
4263 3617 1154 4262
2069 4263 4262 1465
852 3643 4265 3289
3643 1363 2068 4265
4265 2068 1583 4264
3289 4265 4264 980
1371 1620 4267 4266
1620 1100 2329 4267
4267 2329 1099 4259
4266 4267 4259 1587
1328 2435 4268 1828
2435 1329 3906 4268
4268 3906 1474 1794
1828 4268 1794 1330
863 3250 4271 1762
3250 861 4269 4271
4271 4269 971 4270
1762 4271 4270 1475
1018 3836 4272 3372
3836 1476 4252 4272
4272 4252 821 3384
3372 4272 3384 823
1507 2180 4274 4010
2180 1069 4159 4274
4274 4159 1586 4273
4010 4274 4273 1094
1060 3673 4275 3663
3673 1048 2319 4275
4275 2319 1049 4173
3663 4275 4173 1477
1564 4276 4278 4277
4276 1574 1996 4278
4278 1996 1120 2700
4277 4278 2700 1286
1523 4279 4280 4035
4279 1064 3953 4280
4280 3953 1431 4208
4035 4280 4208 1508
1140 3082 4281 3692
3082 1141 2728 4281
4281 2728 1142 3920
3692 4281 3920 1479
1004 1918 4282 1764
1918 1381 3579 4282
4282 3579 1351 3916
1764 4282 3916 1478
490 4240 4284 489
4240 1556 4283 4284
4284 4283 484 485
489 4284 485 5
888 3219 4285 2187
3219 883 3147 4285
4285 3147 881 3749
2187 4285 3749 1480
269 4256 4287 268
4256 1558 4286 4287
4287 4286 266 267
268 4287 267 3
686 687 4289 2254
687 6 249 4289
4289 249 250 4288
2254 4289 4288 1559
714 1693 4291 3855
1693 1481 4290 4291
4291 4290 668 669
3855 4291 669 670
688 4292 4294 3814
4292 1392 3685 4294
4294 3685 1529 4293
3814 4294 4293 1391
1008 2917 4295 2886
2917 1146 2018 4295
4295 2018 1482 3804
2886 4295 3804 1240
1042 2559 4296 2131
2559 1366 3360 4296
4296 3360 965 3548
2131 4296 3548 1483
748 3471 4297 2357
3471 1370 3774 4297
4297 3774 1487 3647
2357 4297 3647 1090
1318 3837 4299 2552
3837 1485 4298 4299
4299 4298 1339 2565
2552 4299 2565 1338
1463 3950 4302 4301
3950 1484 4300 4302
4302 4300 1030 2292
4301 4302 2292 1031
727 2585 4304 4109
2585 1465 4262 4304
4304 4262 1154 4303
4109 4304 4303 1486
1153 1966 4306 3616
1966 1155 4305 4306
4306 4305 1486 4303
3616 4306 4303 1154
1107 2418 4307 4191
2418 1016 3648 4307
4307 3648 1487 3773
4191 4307 3773 1108
1269 4126 4309 3999
4126 1489 4308 4309
4309 4308 1202 2695
3999 4309 2695 1268
765 2127 4311 2278
2127 1055 4237 4311
4311 4237 1537 4310
2278 4311 4310 764
864 3251 4313 3246
3251 863 1761 4313
4313 1761 1546 4312
3246 4313 4312 865
857 3270 4315 2113
3270 855 3274 4315
4315 3274 976 4314
2113 4315 4314 1490
1517 4021 4317 4316
4021 1512 4219 4317
4317 4219 1439 4030
4316 4317 4030 890
1358 3216 4318 3904
3216 345 346 4318
4318 346 347 3945
3904 4318 3945 1491
947 2394 4320 3936
2394 949 4319 4320
4320 4319 1495 2137
3936 4320 2137 1488
1481 1771 4321 4290
1771 1492 3956 4321
4321 3956 666 667
4290 4321 667 668
1485 2301 4323 4298
2301 1493 4322 4323
4323 4322 734 2583
4298 4323 2583 1339
1022 3947 4324 3996
3947 1495 4319 4324
4324 4319 949 2380
3996 4324 2380 951
965 3359 4326 3549
3359 822 3386 4326
4326 3386 820 4325
3549 4326 4325 1497
1489 4142 4327 4308
4142 1498 3967 4327
4327 3967 1199 3005
4308 4327 3005 1202
1143 3919 4329 3903
3919 1020 2816 4329
4329 2816 1134 4328
3903 4329 4328 1499
1583 4330 4331 4264
4330 1571 4250 4331
4331 4250 1442 4055
4264 4331 4055 980
847 2247 4332 3293
2247 981 1633 4332
4332 1633 1500 3971
3293 4332 3971 849
1104 3443 4333 2104
3443 1103 2452 4333
4333 2452 1280 3979
2104 4333 3979 1501
1559 4334 4337 2255
4334 763 4335 4337
4337 4335 1530 4336
2255 4337 4336 1389
1089 3948 4338 2358
3948 1503 3977 4338
4338 3977 1087 2340
2358 4338 2340 1088
1493 3609 4340 4322
3609 1502 4339 4340
4340 4339 1307 2923
4322 4340 2923 734
1497 4325 4341 2046
4325 820 3391 4341
4341 3391 818 3988
2046 4341 3988 1504
875 3779 4343 3184
3779 1505 4342 4343
4343 4342 889 3846
3184 4343 3846 877
1499 4328 4344 2296
4328 1134 2788 4344
4344 2788 1135 3991
2296 4344 3991 1506
1132 4115 4345 4046
4115 1564 4277 4345
4345 4277 1286 4129
4046 4345 4129 1446
1032 3715 4346 1715
3715 1030 4300 4346
4346 4300 1484 3800
1715 4346 3800 1496
1071 3867 4347 3629
3867 1072 1655 4347
4347 1655 1507 4009
3629 4347 4009 984
1266 2831 4349 3998
2831 1267 3718 4349
4349 3718 1462 4348
3998 4349 4348 1473
715 1775 4351 3957
1775 1509 4350 4351
4351 4350 662 663
3957 4351 663 664
1200 3968 4352 4221
3968 1498 4143 4352
4352 4143 889 4342
4221 4352 4342 1505
1434 1746 4353 4162
1746 1045 2193 4353
4353 2193 1094 4273
4162 4353 4273 1586
773 3605 4354 3625
3605 774 4033 4354
4354 4033 1508 4207
3625 4354 4207 772
1502 3698 4355 4339
3698 1511 4007 4355
4355 4007 1306 2580
4339 4355 2580 1307
1200 4220 4356 3969
4220 1512 4023 4356
4356 4023 1196 3156
3969 4356 3156 1198
858 3271 4358 3262
3271 857 2112 4358
4358 2112 1572 4357
3262 4358 4357 859
1406 3930 4361 4360
3930 759 4359 4361
4361 4359 1570 1747
4360 4361 1747 1434
1208 2496 4362 3896
2496 1205 2491 4362
4362 2491 1235 4012
3896 4362 4012 1513
869 4187 4364 3233
4187 1456 4363 4364
4364 4363 890 4029
3233 4364 4029 871
958 3573 4365 3429
3573 959 4138 4365
4365 4138 1515 3984
3429 4365 3984 956
1402 3708 4366 4135
3708 339 340 4366
4366 340 341 4014
4135 4366 4014 1514
1509 1892 4367 4350
1892 1516 4018 4367
4367 4018 660 661
4350 4367 661 662
1162 2824 4370 4369
2824 1163 4022 4370
4370 4022 1517 4368
4369 4370 4368 1165
968 3987 4372 3895
3987 816 3405 4372
4372 3405 814 4371
3895 4372 4371 1519
867 3247 4374 4185
3247 865 4312 4374
4374 4312 1546 4373
4185 4374 4373 966
1360 3220 4375 4182
3220 888 2190 4375
4375 2190 1473 4348
4182 4375 4348 1462
1137 3990 4377 4134
3990 1127 2843 4377
4377 2843 1126 4376
4134 4377 4376 1520
1085 2331 4380 4379
2331 1063 3954 4380
4380 3954 1064 4378
4379 4380 4378 1534
751 2235 4381 2179
2235 1389 4336 4381
4381 4336 1530 4160
2179 4381 4160 1069
1029 3330 4382 3316
3330 1036 1912 4382
4382 1912 1522 3933
3316 4382 3933 1028
778 3554 4384 3590
3554 997 4383 4384
4384 4383 1523 4034
3590 4384 4034 776
1365 3343 4386 4025
3343 1005 4385 4386
4386 4385 1525 3753
4025 4386 3753 1518
1076 2266 4387 1649
2266 1074 4217 4387
4387 4217 1521 4156
1649 4387 4156 1077
1534 4147 4389 4379
4147 1551 4388 4389
4389 4388 1086 2059
4379 4389 2059 1085
1283 3400 4390 3613
3400 1284 3159 4390
4390 3159 1243 4027
3613 4390 4027 1524
861 3254 4392 4269
3254 859 4357 4392
4392 4357 1572 4391
4269 4392 4391 971
1556 4239 4395 4394
4239 764 4310 4395
4395 4310 1537 4393
4394 4395 4393 1393
1519 4371 4396 2159
4371 814 3411 4396
4396 3411 811 4038
2159 4396 4038 1526
1520 4376 4397 3793
4376 1126 2780 4397
4397 2780 1123 4044
3793 4397 4044 1528
1165 4398 4401 4400
4398 1456 4186 4401
4401 4186 966 4399
4400 4401 4399 1532
1005 3321 4403 4385
3321 1364 4402 4403
4403 4402 1533 3831
4385 4403 3831 1525
716 1932 4405 4019
1932 1531 4404 4405
4405 4404 656 657
4019 4405 657 658
1165 4400 4406 4369
4400 1532 4053 4406
4406 4053 1164 2856
4369 4406 2856 1162
1386 3636 4407 4132
3636 1210 2472 4407
4407 2472 1206 4057
4132 4407 4057 1536
1419 3860 4408 4197
3860 333 334 4408
4408 334 335 4059
4197 4408 4059 1538
1531 1976 4409 4404
1976 1540 4061 4409
4409 4061 654 655
4404 4409 655 656
1125 4043 4411 4196
4043 1124 3023 4411
4411 3023 1129 4410
4196 4411 4410 1541
1152 1660 4413 4412
1660 1151 3811 4413
4413 3811 1467 2155
4412 4413 2155 1582
973 4037 4415 4131
4037 809 3421 4415
4415 3421 807 4414
4131 4415 4414 1542
1426 4227 4416 3925
4227 1544 4065 4416
4416 4065 840 3304
3925 4416 3304 842
1246 2947 4417 3864
2947 1244 2914 4417
4417 2914 1295 4067
3864 4417 4067 1545
1558 4255 4421 4420
4255 1067 4418 4421
4421 4418 1575 4419
4420 4421 4419 1398
1300 4228 4423 4203
4228 1547 4422 4423
4423 4422 1299 3280
4203 4423 3280 1297
1542 4414 4424 3633
4414 807 3427 4424
4424 3427 805 4073
3633 4424 4073 1548
1171 1955 4426 3196
1955 1549 4425 4426
4426 4425 1175 4097
3196 4426 4097 1173
1541 4410 4427 4150
4410 1129 3144 4427
4427 3144 1131 4077
4150 4427 4077 1550
1478 3915 4429 1765
3915 1584 4428 4429
4429 4428 1232 3844
1765 4429 3844 1233
1170 2677 4430 3195
2677 1168 4086 4430
4430 4086 1552 1956
3195 4430 1956 1171
717 2038 4432 4062
2038 1554 4431 4432
4432 4431 650 651
4062 4432 651 652
474 4433 4434 473
4433 757 3963 4434
4434 3963 1539 4171
473 4434 4171 472
988 3257 4435 3619
3257 1152 4412 4435
4435 4412 1582 2154
3619 4435 2154 1153
1410 3756 4436 4180
3756 1216 2465 4436
4436 2465 1213 4095
4180 4436 4095 1555
979 4092 4437 1998
4092 1578 2239 4437
4437 2239 1121 4232
1998 4437 4232 1464
1436 4004 4438 3974
4004 327 328 4438
4438 328 329 4100
3974 4438 4100 1557
1547 4223 4439 4422
4223 1560 4105 4439
4439 4105 1309 2652
4422 4439 2652 1299
1392 4292 4440 3506
4292 688 3821 4440
4440 3821 1394 3940
3506 4440 3940 1527
1554 2054 4441 4431
2054 1562 4112 4441
4441 4112 648 649
4431 4441 649 650
978 4072 4443 4179
4072 803 3439 4443
4443 3439 801 4442
4179 4443 4442 1563
1180 2646 4444 2315
2646 1179 4117 4444
4444 4117 1565 1591
2315 4444 1591 1181
474 3815 4445 4433
3815 1391 4293 4445
4445 4293 1529 3964
4433 4445 3964 757
844 3297 4447 3923
3297 846 4123 4447
4447 4123 1567 4446
3923 4447 4446 975
371 372 4448 4234
372 373 4120 4448
4448 4120 1568 1964
4234 4448 1964 726
1287 2884 4450 4114
2884 1288 4449 4450
4450 4449 1574 4276
4114 4450 4276 1564
703 4016 4452 3667
4016 1232 4428 4452
4452 4428 1584 4451
3667 4452 4451 1390
1155 4121 4453 4305
4121 375 376 4453
4453 376 377 4110
4305 4453 4110 1486
1563 4442 4454 3912
4442 801 3446 4454
4454 3446 799 4103
3912 4454 4103 1573
976 4118 4455 4314
4118 1177 2668 4455
4455 2668 1174 4098
4314 4455 4098 1490
913 4093 4456 2883
4093 979 1997 4456
4456 1997 1574 4449
2883 4456 4449 1288
917 3172 4457 2241
3172 919 3095 4457
4457 3095 1021 1603
2241 4457 1603 1576
916 3173 4458 3203
3173 917 2240 4458
4458 2240 1578 4091
3203 4458 4091 915
1569 4459 4461 4245
4459 1007 3496 4461
4461 3496 1373 4460
4245 4461 4460 1577
1278 3768 4462 1596
3768 1411 4088 4462
4462 4088 924 3099
1596 4462 3099 922
1422 3886 4463 4194
3886 1222 2416 4463
4463 2416 1219 4079
4194 4463 4079 1580
1577 4460 4465 4211
4460 1373 3499 4465
4465 3499 1012 4464
4211 4465 4464 1579
926 4089 4466 3017
4089 985 1950 4466
4466 1950 1581 4075
3017 4466 4075 1315
512 3668 4467 2970
3668 1390 4451 4467
4467 4451 1584 3917
2970 4467 3917 752
1313 3267 4468 2587
3267 1571 4330 4468
4468 4330 1583 2067
2587 4468 2067 1314
987 4102 4469 4193
4102 797 3460 4469
4469 3460 795 4176
4193 4469 4176 1585
1579 4464 4470 4258
4464 1012 3484 4470
4470 3484 1371 4266
4258 4470 4266 1587
1311 4106 4471 1789
4106 1560 4225 4471
4471 4225 975 4446
1789 4471 4446 1567
953 2364 4472 3995
2364 955 4157 4472
4472 4157 1521 4216
3995 4472 4216 1510
1169 1759 4473 4085
1759 1475 4270 4473
4473 4270 971 1957
4085 4473 1957 1552
1056 3938 4474 4236
3938 760 3899 4474
4474 3899 1393 4393
4236 4474 4393 1537
1434 4161 4475 4360
4161 1530 4335 4475
4475 4335 763 4001
4360 4475 4001 1406
482 483 4476 3898
483 484 4283 4476
4476 4283 1556 4394
3898 4476 4394 1393
264 265 4477 3960
265 266 4286 4477
4477 4286 1558 4420
3960 4477 4420 1398
758 3951 4479 2210
3951 1463 4478 4479
4479 4478 1575 4418
2210 4479 4418 1067
252 4002 4480 251
4002 763 4334 4480
4480 4334 1559 4288
251 4480 4288 250
260 3884 4482 3839
3884 1397 2333 4482
4482 2333 1561 4481
3839 4482 4481 689
1395 3840 4484 4483
3840 689 4481 4484
4484 4481 1561 4242
4483 4484 4242 1461
1461 4168 4485 4483
4168 1570 4359 4485
4485 4359 759 3877
4483 4485 3877 1395
1031 4069 4487 4301
4069 1450 4486 4487
4487 4486 1575 4478
4301 4487 4478 1463
1450 2335 4488 4486
2335 761 3961 4488
4488 3961 1398 4419
4486 4488 4419 1575
1532 4399 4490 4051
4399 966 4373 4490
4490 4373 1546 4489
4051 4490 4489 1535
890 4363 4491 4316
4363 1456 4398 4491
4491 4398 1165 4368
4316 4491 4368 1517
1064 4279 4492 4378
4279 1523 4383 4492
4492 4383 997 4145
4378 4492 4145 1534
1298 2606 4494 4202
2606 1302 3832 4494
4494 3832 1533 4493
4202 4494 4493 1543
1364 3324 4495 4402
3324 970 1905 4495
4495 1905 1543 4493
4402 4495 4493 1533
1167 4052 4496 4084
4052 1535 4489 4496
4496 4489 1546 1760
4084 4496 1760 1169
1001 1816 4498 3539
1816 1553 4497 4498
4498 4497 1551 4146
3539 4498 4146 1377
1092 2347 4499 1819
2347 1086 4388 4499
4499 4388 1551 4497
1819 4499 4497 1553
971 4391 4500 1958
4391 1572 2111 4500
4500 2111 1175 4425
1958 4500 4425 1549
1007 4459 4502 3525
4459 1569 4501 4502
4502 4501 1566 4164
3525 4502 4164 1376
1092 1818 4503 2123
1818 1566 4501 4503
4503 4501 1569 4244
2123 4503 4244 1093
1494 2231 4504 2042
2231 465 466 4504
4504 466 4 467
2042 4504 467 468
4548 4627 4630 4629
4627 554 553 4630
4630 553 552 4628
4629 4630 4628 4578
4595 4631 4634 4633
4631 4545 4632 4634
4634 4632 574 573
4633 4634 573 572
4589 4635 4638 4637
4635 4593 4636 4638
4638 4636 534 533
4637 4638 533 532
4551 4639 4642 4641
4639 514 513 4642
4642 513 512 4640
4641 4642 4640 4569
4568 4643 4646 4645
4643 4553 4644 4646
4646 4644 504 503
4645 4646 503 502
4565 4647 4650 4649
4647 4560 4648 4650
4650 4648 654 653
4649 4650 653 652
4562 4651 4654 4653
4651 674 673 4654
4654 673 672 4652
4653 4654 4652 4615
4610 4655 4658 4657
4655 4556 4656 4658
4658 4656 634 633
4657 4658 633 632
4573 4659 4662 4661
4659 4557 4660 4662
4662 4660 594 593
4661 4662 593 592
4603 4663 4666 4665
4663 4558 4664 4666
4666 4664 614 613
4665 4666 613 612
4546 4667 4671 4670
4667 582 4668 4671
4671 4668 4526 4669
4670 4671 4669 4576
562 4672 4675 563
4672 4547 4673 4675
4675 4673 4582 4674
563 4675 4674 564
4547 4672 4679 4678
4672 562 4676 4679
4679 4676 4525 4677
4678 4679 4677 4580
542 4680 4683 543
4680 4549 4681 4683
4683 4681 4571 4682
543 4683 4682 544
582 4667 4686 583
4667 4546 4684 4686
4686 4684 4581 4685
583 4686 4685 584
4550 4687 4691 4690
4687 522 4688 4691
4691 4688 4530 4689
4690 4691 4689 4590
522 4687 4694 523
4687 4550 4692 4694
4694 4692 4594 4693
523 4694 4693 524
4575 4695 4699 4698
4695 4552 4696 4699
4699 4696 4584 4697
4698 4699 4697 494
494 493 4702 4698
493 492 4700 4702
4702 4700 4532 4701
4698 4702 4701 4575
662 4703 4706 663
4703 4561 4704 4706
4706 4704 4621 4705
663 4706 4705 664
4559 4707 4711 4710
4707 642 4708 4711
4711 4708 4539 4709
4710 4711 4709 4600
684 683 4715 4714
683 682 4712 4715
4715 4712 4540 4713
4714 4715 4713 4567
4554 4716 4720 4719
4716 602 4717 4720
4720 4717 4543 4718
4719 4720 4718 4608
4555 4721 4725 4724
4721 622 4722 4725
4725 4722 4541 4723
4724 4725 4723 4612
4561 4703 4729 4728
4703 662 4726 4729
4729 4726 4538 4727
4728 4729 4727 4617
622 4721 4732 623
4721 4555 4730 4732
4732 4730 4605 4731
623 4732 4731 624
602 4716 4735 603
4716 4554 4733 4735
4735 4733 4597 4734
603 4735 4734 604
4567 4736 4739 4714
4736 4613 4737 4739
4739 4737 4535 4738
4714 4739 4738 684
642 4707 4742 643
4707 4559 4740 4742
4742 4740 4566 4741
643 4742 4741 644
4578 4628 4745 4744
4628 552 551 4745
4745 551 550 4743
4744 4745 4743 4524
4595 4633 4748 4747
4633 572 571 4748
4748 571 570 4746
4747 4748 4746 4527
4548 4749 4751 4627
4749 4577 4750 4751
4751 4750 556 555
4627 4751 555 554
4545 4752 4754 4632
4752 4574 4753 4754
4754 4753 576 575
4632 4754 575 574
4589 4637 4757 4756
4637 532 531 4757
4757 531 530 4755
4756 4757 4755 4529
4551 4758 4760 4639
4758 4591 4759 4760
4760 4759 516 515
4639 4760 515 514
4593 4761 4763 4636
4761 4528 4762 4763
4763 4762 536 535
4636 4763 535 534
4568 4645 4766 4765
4645 502 501 4766
4766 501 500 4764
4765 4766 4764 4531
4569 4640 4769 4768
4640 512 511 4769
4769 511 510 4767
4768 4769 4767 4533
4553 4770 4772 4644
4770 4592 4771 4772
4772 4771 506 505
4644 4772 505 504
4573 4661 4775 4774
4661 592 591 4775
4775 591 590 4773
4774 4775 4773 4534
4565 4649 4778 4777
4649 652 651 4778
4778 651 650 4776
4777 4778 4776 4537
4562 4779 4781 4651
4779 4616 4780 4781
4781 4780 676 675
4651 4781 675 674
4558 4782 4784 4664
4782 4611 4783 4784
4784 4783 616 615
4664 4784 615 614
4557 4785 4787 4660
4785 4596 4786 4787
4787 4786 596 595
4660 4787 595 594
4560 4788 4790 4648
4788 4619 4789 4790
4790 4789 656 655
4648 4790 655 654
4556 4791 4793 4656
4791 4609 4792 4793
4793 4792 636 635
4656 4793 635 634
4603 4665 4796 4795
4665 612 611 4796
4796 611 610 4794
4795 4796 4794 4544
4610 4657 4799 4798
4657 632 631 4799
4799 631 630 4797
4798 4799 4797 4542
4615 4652 4802 4801
4652 672 671 4802
4802 671 670 4800
4801 4802 4800 4536
568 4803 4805 569
4803 4604 4804 4805
4805 4804 4527 4746
569 4805 4746 570
564 4674 4808 565
4674 4582 4806 4808
4808 4806 4506 4807
565 4808 4807 566
562 561 4811 4676
561 560 4809 4811
4811 4809 4588 4810
4676 4811 4810 4525
582 581 4814 4668
581 580 4812 4814
4814 4812 4579 4813
4668 4814 4813 4526
558 557 4817 4816
557 556 4750 4817
4817 4750 4577 4815
4816 4817 4815 4507
548 4818 4820 549
4818 4583 4819 4820
4820 4819 4524 4743
549 4820 4743 550
544 4682 4823 545
4682 4571 4821 4823
4823 4821 4508 4822
545 4823 4822 546
578 577 4826 4825
577 576 4753 4826
4826 4753 4574 4824
4825 4826 4824 4505
584 4685 4829 585
4685 4581 4827 4829
4829 4827 4509 4828
585 4829 4828 586
528 4830 4832 529
4830 4598 4831 4832
4832 4831 4529 4755
529 4832 4755 530
524 4693 4835 525
4693 4594 4833 4835
4835 4833 4511 4834
525 4835 4834 526
522 521 4838 4688
521 520 4836 4838
4838 4836 4587 4837
4688 4838 4837 4530
538 537 4841 4840
537 536 4762 4841
4841 4762 4528 4839
4840 4841 4839 4585
518 517 4844 4843
517 516 4759 4844
4844 4759 4591 4842
4843 4844 4842 4512
494 4697 4847 495
4697 4584 4845 4847
4847 4845 4513 4846
495 4847 4846 496
498 4848 4850 499
4848 4586 4849 4850
4850 4849 4531 4764
499 4850 4764 500
588 4851 4853 589
4851 4564 4852 4853
4853 4852 4534 4773
589 4853 4773 590
508 4854 4856 509
4854 4599 4855 4856
4856 4855 4533 4767
509 4856 4767 510
508 507 4859 4858
507 506 4771 4859
4859 4771 4592 4857
4858 4859 4857 4514
662 661 4862 4726
661 660 4860 4862
4862 4860 4618 4861
4726 4862 4861 4538
642 641 4865 4708
641 640 4863 4865
4865 4863 4606 4864
4708 4865 4864 4539
648 4866 4868 649
4866 4620 4867 4868
4868 4867 4537 4776
649 4868 4776 650
678 677 4871 4870
677 676 4780 4871
4871 4780 4616 4869
4870 4871 4869 4522
658 657 4874 4873
657 656 4789 4874
4874 4789 4619 4872
4873 4874 4872 4521
602 601 4877 4717
601 600 4875 4877
4877 4875 4607 4876
4717 4877 4876 4543
668 4878 4880 669
4878 4570 4879 4880
4880 4879 4536 4800
669 4880 4800 670
682 681 4883 4712
681 680 4881 4883
4883 4881 4614 4882
4712 4883 4882 4540
608 4884 4886 609
4884 4602 4885 4886
4886 4885 4544 4794
609 4886 4794 610
638 637 4889 4888
637 636 4792 4889
4889 4792 4609 4887
4888 4889 4887 4519
622 621 4892 4722
621 620 4890 4892
4892 4890 4572 4891
4722 4892 4891 4541
598 597 4895 4894
597 596 4786 4895
4895 4786 4596 4893
4894 4895 4893 4515
664 4705 4898 665
4705 4621 4896 4898
4898 4896 4523 4897
665 4898 4897 666
628 4899 4901 629
4899 4601 4900 4901
4901 4900 4542 4797
629 4901 4797 630
604 4734 4904 605
4734 4597 4902 4904
4904 4902 4516 4903
605 4904 4903 606
618 617 4907 4906
617 616 4783 4907
4907 4783 4611 4905
4906 4907 4905 4517
624 4731 4910 625
4731 4605 4908 4910
4910 4908 4518 4909
625 4910 4909 626
644 4741 4913 645
4741 4566 4911 4913
4913 4911 4520 4912
645 4913 4912 646
4549 4680 4917 4916
4680 542 4914 4917
4917 4914 4563 4915
4916 4917 4915 4622
580 579 4919 4812
579 578 4825 4919
4919 4825 4505 4918
4812 4919 4918 4579
566 4807 4921 567
4807 4506 4920 4921
4921 4920 4604 4803
567 4921 4803 568
560 559 4923 4809
559 558 4816 4923
4923 4816 4507 4922
4809 4923 4922 4588
546 4822 4925 547
4822 4508 4924 4925
4925 4924 4583 4818
547 4925 4818 548
586 4828 4927 587
4828 4509 4926 4927
4927 4926 4564 4851
587 4927 4851 588
540 539 4930 4929
539 538 4840 4930
4930 4840 4585 4928
4929 4930 4928 4510
526 4834 4932 527
4834 4511 4931 4932
4932 4931 4598 4830
527 4932 4830 528
520 519 4934 4836
519 518 4843 4934
4934 4843 4512 4933
4836 4934 4933 4587
496 4846 4936 497
4846 4513 4935 4936
4936 4935 4586 4848
497 4936 4848 498
640 639 4938 4863
639 638 4888 4938
4938 4888 4519 4937
4863 4938 4937 4606
646 4912 4940 647
4912 4520 4939 4940
4940 4939 4620 4866
647 4940 4866 648
606 4903 4942 607
4903 4516 4941 4942
4942 4941 4602 4884
607 4942 4884 608
660 659 4944 4860
659 658 4873 4944
4944 4873 4521 4943
4860 4944 4943 4618
600 599 4946 4875
599 598 4894 4946
4946 4894 4515 4945
4875 4946 4945 4607
666 4897 4948 667
4897 4523 4947 4948
4948 4947 4570 4878
667 4948 4878 668
680 679 4950 4881
679 678 4870 4950
4950 4870 4522 4949
4881 4950 4949 4614
620 619 4952 4890
619 618 4906 4952
4952 4906 4517 4951
4890 4952 4951 4572
626 4909 4954 627
4909 4518 4953 4954
4954 4953 4601 4899
627 4954 4899 628
4510 4955 4956 4929
4955 4563 4914 4956
4956 4914 542 541
4929 4956 541 540
4563 4955 4959 4958
4955 4510 4957 4959
4959 4957 66 67
4958 4959 67 68
487 4960 4962 486
4960 4624 4961 4962
4962 4961 490 489
486 4962 489 5
247 248 4965 4964
248 6 687 4965
4965 687 686 4963
4964 4965 4963 4623
124 125 4968 4967
125 126 4966 4968
4968 4966 4564 4926
4967 4968 4926 4509
126 127 4970 4966
127 128 4969 4970
4970 4969 4534 4852
4966 4970 4852 4564
194 195 4973 4972
195 196 4971 4973
4973 4971 4520 4911
4972 4973 4911 4566
192 193 4975 4974
193 194 4972 4975
4975 4972 4566 4740
4974 4975 4740 4559
202 203 4978 4977
203 204 4976 4978
4978 4976 4560 4647
4977 4978 4647 4565
122 123 4980 4979
123 124 4967 4980
4980 4967 4509 4827
4979 4980 4827 4581
98 99 4983 4982
99 100 4981 4983
4983 4981 4506 4806
4982 4983 4806 4582
236 237 4986 4985
237 238 4984 4986
4986 4984 4567 4713
4985 4986 4713 4540
86 87 4989 4988
87 88 4987 4989
4989 4987 4507 4815
4988 4989 4815 4577
110 111 4992 4991
111 112 4990 4992
4992 4990 4505 4824
4991 4992 4824 4574
80 81 4995 4994
81 82 4993 4995
4995 4993 4578 4744
4994 4995 4744 4524
200 201 4997 4996
201 202 4977 4997
4997 4977 4565 4777
4996 4997 4777 4537
102 103 5000 4999
103 104 4998 5000
5000 4998 4527 4804
4999 5000 4804 4604
72 73 5003 5002
73 74 5001 5003
5003 5001 4571 4681
5002 5003 4681 4549
74 75 5005 5001
75 76 5004 5005
5005 5004 4508 4821
5001 5005 4821 4571
108 109 5007 5006
109 110 4991 5007
5007 4991 4574 4752
5006 5007 4752 4545
92 93 5010 5009
93 94 5008 5010
5010 5008 4580 4677
5009 5010 4677 4525
106 107 5012 5011
107 108 5006 5012
5012 5006 4545 4631
5011 5012 4631 4595
112 113 5014 4990
113 114 5013 5014
5014 5013 4579 4918
4990 5014 4918 4505
118 119 5017 5016
119 120 5015 5017
5017 5015 4546 4670
5016 5017 4670 4576
90 91 5019 5018
91 92 5009 5019
5019 5009 4525 4810
5018 5019 4810 4588
78 79 5021 5020
79 80 4994 5021
5021 4994 4524 4819
5020 5021 4819 4583
94 95 5023 5008
95 96 5022 5023
5023 5022 4547 4678
5008 5023 4678 4580
76 77 5024 5004
77 78 5020 5024
5024 5020 4583 4924
5004 5024 4924 4508
84 85 5026 5025
85 86 4988 5026
5026 4988 4577 4749
5025 5026 4749 4548
24 5027 5029 23
5027 4568 4765 5029
5029 4765 4531 5028
23 5029 5028 22
82 83 5030 4993
83 84 5025 5030
5030 5025 4548 4629
4993 5030 4629 4578
34 35 5033 5032
35 36 5031 5033
5033 5031 4551 4641
5032 5033 4641 4569
116 117 5035 5034
117 118 5016 5035
5035 5016 4576 4669
5034 5035 4669 4526
22 5028 5037 21
5028 4531 4849 5037
5037 4849 4586 5036
21 5037 5036 20
14 5038 5040 13
5038 4552 4695 5040
5040 4695 4575 5039
13 5040 5039 12
222 223 5043 5042
223 224 5041 5043
5043 5041 4536 4879
5042 5043 4879 4570
88 89 5044 4987
89 90 5018 5044
5044 5018 4588 4922
4987 5044 4922 4507
64 65 5046 5045
65 66 4957 5046
5046 4957 4510 4928
5045 5046 4928 4585
36 37 5048 5031
37 38 5047 5048
5048 5047 4591 4758
5031 5048 4758 4551
16 5049 5050 15
5049 4584 4696 5050
5050 4696 4552 5038
15 5050 5038 14
130 131 5053 5052
131 132 5051 5053
5053 5051 4557 4659
5052 5053 4659 4573
50 51 5056 5055
51 52 5054 5056
5056 5054 4511 4833
5055 5056 4833 4594
114 115 5057 5013
115 116 5034 5057
5057 5034 4526 4813
5013 5057 4813 4579
32 33 5059 5058
33 34 5032 5059
5059 5032 4569 4768
5058 5059 4768 4533
12 5039 5061 11
5039 4575 4701 5061
5061 4701 4532 5060
11 5061 5060 10
46 47 5064 5063
47 48 5062 5064
5064 5062 4550 4690
5063 5064 4690 4590
104 105 5065 4998
105 106 5011 5065
5065 5011 4595 4747
4998 5065 4747 4527
62 63 5067 5066
63 64 5045 5067
5067 5045 4585 4839
5066 5067 4839 4528
26 5068 5069 25
5068 4553 4643 5069
5069 4643 4568 5027
25 5069 5027 24
220 221 5071 5070
221 222 5042 5071
5071 5042 4570 4947
5070 5071 4947 4523
42 43 5074 5073
43 44 5072 5074
5074 5072 4530 4837
5073 5074 4837 4587
56 57 5077 5076
57 58 5075 5077
5077 5075 4589 4756
5076 5077 4756 4529
18 5078 5079 17
5078 4513 4845 5079
5079 4845 4584 5049
17 5079 5049 16
238 239 5081 4984
239 240 5080 5081
5081 5080 4613 4736
4984 5081 4736 4567
44 45 5082 5072
45 46 5063 5082
5082 5063 4590 4689
5072 5082 4689 4530
54 55 5084 5083
55 56 5076 5084
5084 5076 4529 4831
5083 5084 4831 4598
120 121 5085 5015
121 122 4979 5085
5085 4979 4581 4684
5015 5085 4684 4546
206 207 5088 5087
207 208 5086 5088
5088 5086 4521 4872
5087 5088 4872 4619
40 41 5090 5089
41 42 5073 5090
5090 5073 4587 4933
5089 5090 4933 4512
214 215 5093 5092
215 216 5091 5093
5093 5091 4561 4728
5092 5093 4728 4617
96 97 5094 5022
97 98 4982 5094
5094 4982 4582 4673
5022 5094 4673 4547
20 5036 5095 19
5036 4586 4935 5095
5095 4935 4513 5078
19 5095 5078 18
58 59 5097 5075
59 60 5096 5097
5097 5096 4593 4635
5075 5097 4635 4589
30 31 5099 5098
31 32 5058 5099
5099 5058 4533 4855
5098 5099 4855 4599
230 231 5102 5101
231 232 5100 5102
5102 5100 4522 4869
5101 5102 4869 4616
60 61 5103 5096
61 62 5066 5103
5103 5066 4528 4761
5096 5103 4761 4593
38 39 5104 5047
39 40 5089 5104
5104 5089 4512 4842
5047 5104 4842 4591
48 49 5105 5062
49 50 5055 5105
5105 5055 4594 4692
5062 5105 4692 4550
168 169 5108 5107
169 170 5106 5108
5108 5106 4605 4730
5107 5108 4730 4555
174 175 5111 5110
175 176 5109 5111
5111 5109 4542 4900
5110 5111 4900 4601
162 163 5114 5113
163 164 5112 5114
5114 5112 4541 4891
5113 5114 4891 4572
508 4858 5116 4854
4858 4514 5115 5116
5116 5115 30 5098
4854 5116 5098 4599
52 53 5117 5054
53 54 5083 5117
5117 5083 4598 4931
5054 5117 4931 4511
30 5115 5119 29
5115 4514 4857 5119
5119 4857 4592 5118
29 5119 5118 28
28 5118 5120 27
5118 4592 4770 5120
5120 4770 4553 5068
27 5120 5068 26
100 101 5121 4981
101 102 4999 5121
5121 4999 4604 4920
4981 5121 4920 4506
128 129 5122 4969
129 130 5052 5122
5122 5052 4573 4774
4969 5122 4774 4534
160 161 5124 5123
161 162 5113 5124
5124 5113 4572 4951
5123 5124 4951 4517
226 227 5127 5126
227 228 5125 5127
5127 5125 4562 4653
5126 5127 4653 4615
182 183 5130 5129
183 184 5128 5130
5130 5128 4519 4887
5129 5130 4887 4609
144 145 5133 5132
145 146 5131 5133
5133 5131 4597 4733
5132 5133 4733 4554
172 173 5135 5134
173 174 5110 5135
5135 5110 4601 4953
5134 5135 4953 4518
170 171 5136 5106
171 172 5134 5136
5136 5134 4518 4908
5106 5136 4908 4605
142 143 5138 5137
143 144 5132 5138
5138 5132 4554 4719
5137 5138 4719 4608
146 147 5140 5131
147 148 5139 5140
5140 5139 4516 4902
5131 5140 4902 4597
148 149 5142 5139
149 150 5141 5142
5142 5141 4602 4941
5139 5142 4941 4516
210 211 5145 5144
211 212 5143 5145
5145 5143 4538 4861
5144 5145 4861 4618
178 179 5148 5147
179 180 5146 5148
5148 5146 4556 4655
5147 5148 4655 4610
154 155 5151 5150
155 156 5149 5151
5151 5149 4558 4663
5150 5151 4663 4603
152 153 5153 5152
153 154 5150 5153
5153 5150 4603 4795
5152 5153 4795 4544
134 135 5156 5155
135 136 5154 5156
5156 5154 4515 4893
5155 5156 4893 4596
156 157 5158 5149
157 158 5157 5158
5158 5157 4611 4782
5149 5158 4782 4558
132 133 5159 5051
133 134 5155 5159
5159 5155 4596 4785
5051 5159 4785 4557
138 139 5162 5161
139 140 5160 5162
5162 5160 4543 4876
5161 5162 4876 4607
180 181 5163 5146
181 182 5129 5163
5163 5129 4609 4791
5146 5163 4791 4556
136 137 5164 5154
137 138 5161 5164
5164 5161 4607 4945
5154 5164 4945 4515
184 185 5166 5128
185 186 5165 5166
5166 5165 4606 4937
5128 5166 4937 4519
224 225 5167 5041
225 226 5126 5167
5167 5126 4615 4801
5041 5167 4801 4536
158 159 5168 5157
159 160 5123 5168
5168 5123 4517 4905
5157 5168 4905 4611
176 177 5169 5109
177 178 5147 5169
5169 5147 4610 4798
5109 5169 4798 4542
150 151 5170 5141
151 152 5152 5170
5170 5152 4544 4885
5141 5170 4885 4602
164 165 5172 5112
165 166 5171 5172
5172 5171 4612 4723
5112 5172 4723 4541
232 233 5174 5100
233 234 5173 5174
5174 5173 4614 4949
5100 5174 4949 4522
166 167 5175 5171
167 168 5107 5175
5175 5107 4555 4724
5171 5175 4724 4612
216 217 5177 5091
217 218 5176 5177
5177 5176 4621 4704
5091 5177 4704 4561
188 189 5180 5179
189 190 5178 5180
5180 5178 4600 4709
5179 5180 4709 4539
196 197 5182 4971
197 198 5181 5182
5182 5181 4620 4939
4971 5182 4939 4520
204 205 5183 4976
205 206 5087 5183
5183 5087 4619 4788
4976 5183 4788 4560
228 229 5184 5125
229 230 5101 5184
5184 5101 4616 4779
5125 5184 4779 4562
240 241 5186 5080
241 242 5185 5186
5186 5185 4535 4737
5080 5186 4737 4613
234 235 5187 5173
235 236 4985 5187
5187 4985 4540 4882
5173 5187 4882 4614
190 191 5188 5178
191 192 4974 5188
5188 4974 4559 4710
5178 5188 4710 4600
140 141 5189 5160
141 142 5137 5189
5189 5137 4608 4718
5160 5189 4718 4543
208 209 5190 5086
209 210 5144 5190
5190 5144 4618 4943
5086 5190 4943 4521
186 187 5191 5165
187 188 5179 5191
5191 5179 4539 4864
5165 5191 4864 4606
198 199 5192 5181
199 200 4996 5192
5192 4996 4537 4867
5181 5192 4867 4620
212 213 5193 5143
213 214 5092 5193
5193 5092 4617 4727
5143 5193 4727 4538
218 219 5194 5176
219 220 5070 5194
5194 5070 4523 4896
5176 5194 4896 4621
68 69 5196 4958
69 70 5195 5196
5196 5195 4622 4915
4958 5196 4915 4563
242 243 5199 5185
243 244 5197 5199
5199 5197 4625 5198
5185 5199 5198 4535
10 5060 5202 9
5060 4532 5200 5202
5202 5200 4626 5201
9 5202 5201 8
70 71 5203 5195
71 72 5002 5203
5203 5002 4549 4916
5195 5203 4916 4622
492 491 5205 4700
491 490 4961 5205
5205 4961 4624 5204
4700 5205 5204 4532
684 4738 5207 685
4738 4535 5206 5207
5207 5206 4623 4963
685 5207 4963 686
8 5201 5209 7
5201 4626 5208 5209
5209 5208 487 488
7 5209 488 1
244 245 5211 5197
245 2 246 5211
5211 246 247 5210
5197 5211 5210 4625
4535 5198 5212 5206
5198 4625 5210 5212
5212 5210 247 4964
5206 5212 4964 4623
4532 5204 5213 5200
5204 4624 4960 5213
5213 4960 487 5208
5200 5213 5208 4626
