5213
0.000000 0.000000
30.000000 0.000000
30.000000 3.000000
0.000000 3.000000
0.000000 0.500000
30.000000 0.500000
0.125000 0.000000
0.250000 0.000000
0.375000 0.000000
0.500000 0.000000
0.625000 0.000000
0.750000 0.000000
0.875000 0.000000
1.000000 0.000000
1.125000 0.000000
1.250000 0.000000
1.375000 0.000000
1.500000 0.000000
1.625000 0.000000
1.750000 0.000000
1.875000 0.000000
2.000000 0.000000
2.125000 0.000000
2.250000 0.000000
2.375000 0.000000
2.500000 0.000000
2.625000 0.000000
2.750000 0.000000
2.875000 0.000000
3.000000 0.000000
3.125000 0.000000
3.250000 0.000000
3.375000 0.000000
3.500000 0.000000
3.625000 0.000000
3.750000 0.000000
3.875000 0.000000
4.000000 0.000000
4.125000 0.000000
4.250000 0.000000
4.375000 0.000000
4.500000 0.000000
4.625000 0.000000
4.750000 0.000000
4.875000 0.000000
5.000000 0.000000
5.125000 0.000000
5.250000 0.000000
5.375000 0.000000
5.500000 0.000000
5.625000 0.000000
5.750000 0.000000
5.875000 0.000000
6.000000 0.000000
6.125000 0.000000
6.250000 0.000000
6.375000 0.000000
6.500000 0.000000
6.625000 0.000000
6.750000 0.000000
6.875000 0.000000
7.000000 0.000000
7.125000 0.000000
7.250000 0.000000
7.375000 0.000000
7.500000 0.000000
7.625000 0.000000
7.750000 0.000000
7.875000 0.000000
8.000000 0.000000
8.125000 0.000000
8.250000 0.000000
8.375000 0.000000
8.500000 0.000000
8.625000 0.000000
8.750000 0.000000
8.875000 0.000000
9.000000 0.000000
9.125000 0.000000
9.250000 0.000000
9.375000 0.000000
9.500000 0.000000
9.625000 0.000000
9.750000 0.000000
9.875000 0.000000
10.000000 0.000000
10.125000 0.000000
10.250000 0.000000
10.375000 0.000000
10.500000 0.000000
10.625000 0.000000
10.750000 0.000000
10.875000 0.000000
11.000000 0.000000
11.125000 0.000000
11.250000 0.000000
11.375000 0.000000
11.500000 0.000000
11.625000 0.000000
11.750000 0.000000
11.875000 0.000000
12.000000 0.000000
12.125000 0.000000
12.250000 0.000000
12.375000 0.000000
12.500000 0.000000
12.625000 0.000000
12.750000 0.000000
12.875000 0.000000
13.000000 0.000000
13.125000 0.000000
13.250000 0.000000
13.375000 0.000000
13.500000 0.000000
13.625000 0.000000
13.750000 0.000000
13.875000 0.000000
14.000000 0.000000
14.125000 0.000000
14.250000 0.000000
14.375000 0.000000
14.500000 0.000000
14.625000 0.000000
14.750000 0.000000
14.875000 0.000000
15.000000 0.000000
15.125000 0.000000
15.250000 0.000000
15.375000 0.000000
15.500000 0.000000
15.625000 0.000000
15.750000 0.000000
15.875000 0.000000
16.000000 0.000000
16.125000 0.000000
16.250000 0.000000
16.375000 0.000000
16.500000 0.000000
16.625000 0.000000
16.750000 0.000000
16.875000 0.000000
17.000000 0.000000
17.125000 0.000000
17.250000 0.000000
17.375000 0.000000
17.500000 0.000000
17.625000 0.000000
17.750000 0.000000
17.875000 0.000000
18.000000 0.000000
18.125000 0.000000
18.250000 0.000000
18.375000 0.000000
18.500000 0.000000
18.625000 0.000000
18.750000 0.000000
18.875000 0.000000
19.000000 0.000000
19.125000 0.000000
19.250000 0.000000
19.375000 0.000000
19.500000 0.000000
19.625000 0.000000
19.750000 0.000000
19.875000 0.000000
20.000000 0.000000
20.125000 0.000000
20.250000 0.000000
20.375000 0.000000
20.500000 0.000000
20.625000 0.000000
20.750000 0.000000
20.875000 0.000000
21.000000 0.000000
21.125000 0.000000
21.250000 0.000000
21.375000 0.000000
21.500000 0.000000
21.625000 0.000000
21.750000 0.000000
21.875000 0.000000
22.000000 0.000000
22.125000 0.000000
22.250000 0.000000
22.375000 0.000000
22.500000 0.000000
22.625000 0.000000
22.750000 0.000000
22.875000 0.000000
23.000000 0.000000
23.125000 0.000000
23.250000 0.000000
23.375000 0.000000
23.500000 0.000000
23.625000 0.000000
23.750000 0.000000
23.875000 0.000000
24.000000 0.000000
24.125000 0.000000
24.250000 0.000000
24.375000 0.000000
24.500000 0.000000
24.625000 0.000000
24.750000 0.000000
24.875000 0.000000
25.000000 0.000000
25.125000 0.000000
25.250000 0.000000
25.375000 0.000000
25.500000 0.000000
25.625000 0.000000
25.750000 0.000000
25.875000 0.000000
26.000000 0.000000
26.125000 0.000000
26.250000 0.000000
26.375000 0.000000
26.500000 0.000000
26.625000 0.000000
26.750000 0.000000
26.875000 0.000000
27.000000 0.000000
27.125000 0.000000
27.250000 0.000000
27.375000 0.000000
27.500000 0.000000
27.625000 0.000000
27.750000 0.000000
27.875000 0.000000
28.000000 0.000000
28.125000 0.000000
28.250000 0.000000
28.375000 0.000000
28.500000 0.000000
28.625000 0.000000
28.750000 0.000000
28.875000 0.000000
29.000000 0.000000
29.125000 0.000000
29.250000 0.000000
29.375000 0.000000
29.500000 0.000000
29.625000 0.000000
29.750000 0.000000
29.875000 0.000000
30.000000 0.119306
30.000000 0.238613
30.000000 0.369306
30.000000 0.625000
30.000000 0.750000
30.000000 0.875000
30.000000 1.000000
30.000000 1.125000
30.000000 1.250000
30.000000 1.375000
30.000000 1.500000
30.000000 1.625000
30.000000 1.750000
30.000000 1.875000
30.000000 2.000000
30.000000 2.125000
30.000000 2.250000
30.000000 2.375000
30.000000 2.500000
30.000000 2.625000
30.000000 2.750000
30.000000 2.875000
29.850000 3.000000
29.700000 3.000000
29.550000 3.000000
29.400000 3.000000
29.250000 3.000000
29.100000 3.000000
28.950000 3.000000
28.800000 3.000000
28.650000 3.000000
28.500000 3.000000
28.350000 3.000000
28.200000 3.000000
28.050000 3.000000
27.900000 3.000000
27.750000 3.000000
27.600000 3.000000
27.450000 3.000000
27.300000 3.000000
27.150000 3.000000
27.000000 3.000000
26.850000 3.000000
26.700000 3.000000
26.550000 3.000000
26.400000 3.000000
26.250000 3.000000
26.100000 3.000000
25.950000 3.000000
25.800000 3.000000
25.650000 3.000000
25.500000 3.000000
25.350000 3.000000
25.200000 3.000000
25.050000 3.000000
24.900000 3.000000
24.750000 3.000000
24.600000 3.000000
24.450000 3.000000
24.300000 3.000000
24.150000 3.000000
24.000000 3.000000
23.850000 3.000000
23.700000 3.000000
23.550000 3.000000
23.400000 3.000000
23.250000 3.000000
23.100000 3.000000
22.950000 3.000000
22.800000 3.000000
22.650000 3.000000
22.500000 3.000000
22.350000 3.000000
22.200000 3.000000
22.050000 3.000000
21.900000 3.000000
21.750000 3.000000
21.600000 3.000000
21.450000 3.000000
21.300000 3.000000
21.150000 3.000000
21.000000 3.000000
20.850000 3.000000
20.700000 3.000000
20.550000 3.000000
20.400000 3.000000
20.250000 3.000000
20.100000 3.000000
19.950000 3.000000
19.800000 3.000000
19.650000 3.000000
19.500000 3.000000
19.350000 3.000000
19.200000 3.000000
19.050000 3.000000
18.900000 3.000000
18.750000 3.000000
18.600000 3.000000
18.450000 3.000000
18.300000 3.000000
18.150000 3.000000
18.000000 3.000000
17.850000 3.000000
17.700000 3.000000
17.550000 3.000000
17.400000 3.000000
17.250000 3.000000
17.100000 3.000000
16.950000 3.000000
16.800000 3.000000
16.650000 3.000000
16.500000 3.000000
16.350000 3.000000
16.200000 3.000000
16.050000 3.000000
15.900000 3.000000
15.750000 3.000000
15.600000 3.000000
15.450000 3.000000
15.300000 3.000000
15.150000 3.000000
15.000000 3.000000
14.850000 3.000000
14.700000 3.000000
14.550000 3.000000
14.400000 3.000000
14.250000 3.000000
14.100000 3.000000
13.950000 3.000000
13.800000 3.000000
13.650000 3.000000
13.500000 3.000000
13.350000 3.000000
13.200000 3.000000
13.050000 3.000000
12.900000 3.000000
12.750000 3.000000
12.600000 3.000000
12.450000 3.000000
12.300000 3.000000
12.150000 3.000000
12.000000 3.000000
11.850000 3.000000
11.700000 3.000000
11.550000 3.000000
11.400000 3.000000
11.250000 3.000000
11.100000 3.000000
10.950000 3.000000
10.800000 3.000000
10.650000 3.000000
10.500000 3.000000
10.350000 3.000000
10.200000 3.000000
10.050000 3.000000
9.900000 3.000000
9.750000 3.000000
9.600000 3.000000
9.450000 3.000000
9.300000 3.000000
9.150000 3.000000
9.000000 3.000000
8.850000 3.000000
8.700000 3.000000
8.550000 3.000000
8.400000 3.000000
8.250000 3.000000
8.100000 3.000000
7.950000 3.000000
7.800000 3.000000
7.650000 3.000000
7.500000 3.000000
7.350000 3.000000
7.200000 3.000000
7.050000 3.000000
6.900000 3.000000
6.750000 3.000000
6.600000 3.000000
6.450000 3.000000
6.300000 3.000000
6.150000 3.000000
6.000000 3.000000
5.850000 3.000000
5.700000 3.000000
5.550000 3.000000
5.400000 3.000000
5.250000 3.000000
5.100000 3.000000
4.950000 3.000000
4.800000 3.000000
4.650000 3.000000
4.500000 3.000000
4.350000 3.000000
4.200000 3.000000
4.050000 3.000000
3.900000 3.000000
3.750000 3.000000
3.600000 3.000000
3.450000 3.000000
3.300000 3.000000
3.150000 3.000000
3.000000 3.000000
2.850000 3.000000
2.700000 3.000000
2.550000 3.000000
2.400000 3.000000
2.250000 3.000000
2.100000 3.000000
1.950000 3.000000
1.800000 3.000000
1.650000 3.000000
1.500000 3.000000
1.350000 3.000000
1.200000 3.000000
1.050000 3.000000
0.900000 3.000000
0.750000 3.000000
0.600000 3.000000
0.450000 3.000000
0.300000 3.000000
0.150000 3.000000
0.000000 2.875000
0.000000 2.750000
0.000000 2.625000
0.000000 2.500000
0.000000 2.375000
0.000000 2.250000
0.000000 2.125000
0.000000 2.000000
0.000000 1.875000
0.000000 1.750000
0.000000 1.625000
0.000000 1.500000
0.000000 1.375000
0.000000 1.250000
0.000000 1.125000
0.000000 1.000000
0.000000 0.875000
0.000000 0.750000
0.000000 0.625000
0.000000 0.369306
0.000000 0.238613
0.000000 0.119306
0.150000 0.500000
0.300000 0.500000
0.450000 0.500000
0.600000 0.500000
0.750000 0.500000
0.900000 0.500000
1.050000 0.500000
1.200000 0.500000
1.350000 0.500000
1.500000 0.500000
1.650000 0.500000
1.800000 0.500000
1.950000 0.500000
2.100000 0.500000
2.250000 0.500000
2.400000 0.500000
2.550000 0.500000
2.700000 0.500000
2.850000 0.500000
3.000000 0.500000
3.150000 0.500000
3.300000 0.500000
3.450000 0.500000
3.600000 0.500000
3.750000 0.500000
3.900000 0.500000
4.050000 0.500000
4.200000 0.500000
4.350000 0.500000
4.500000 0.500000
4.650000 0.500000
4.800000 0.500000
4.950000 0.500000
5.100000 0.500000
5.250000 0.500000
5.400000 0.500000
5.550000 0.500000
5.700000 0.500000
5.850000 0.500000
6.000000 0.500000
6.150000 0.500000
6.300000 0.500000
6.450000 0.500000
6.600000 0.500000
6.750000 0.500000
6.900000 0.500000
7.050000 0.500000
7.200000 0.500000
7.350000 0.500000
7.500000 0.500000
7.650000 0.500000
7.800000 0.500000
7.950000 0.500000
8.100000 0.500000
8.250000 0.500000
8.400000 0.500000
8.550000 0.500000
8.700000 0.500000
8.850000 0.500000
9.000000 0.500000
9.150000 0.500000
9.300000 0.500000
9.450000 0.500000
9.600000 0.500000
9.750000 0.500000
9.900000 0.500000
10.050000 0.500000
10.200000 0.500000
10.350000 0.500000
10.500000 0.500000
10.650000 0.500000
10.800000 0.500000
10.950000 0.500000
11.100000 0.500000
11.250000 0.500000
11.400000 0.500000
11.550000 0.500000
11.700000 0.500000
11.850000 0.500000
12.000000 0.500000
12.150000 0.500000
12.300000 0.500000
12.450000 0.500000
12.600000 0.500000
12.750000 0.500000
12.900000 0.500000
13.050000 0.500000
13.200000 0.500000
13.350000 0.500000
13.500000 0.500000
13.650000 0.500000
13.800000 0.500000
13.950000 0.500000
14.100000 0.500000
14.250000 0.500000
14.400000 0.500000
14.550000 0.500000
14.700000 0.500000
14.850000 0.500000
15.000000 0.500000
15.150000 0.500000
15.300000 0.500000
15.450000 0.500000
15.600000 0.500000
15.750000 0.500000
15.900000 0.500000
16.050000 0.500000
16.200000 0.500000
16.350000 0.500000
16.500000 0.500000
16.650000 0.500000
16.800000 0.500000
16.950000 0.500000
17.100000 0.500000
17.250000 0.500000
17.400000 0.500000
17.550000 0.500000
17.700000 0.500000
17.850000 0.500000
18.000000 0.500000
18.150000 0.500000
18.300000 0.500000
18.450000 0.500000
18.600000 0.500000
18.750000 0.500000
18.900000 0.500000
19.050000 0.500000
19.200000 0.500000
19.350000 0.500000
19.500000 0.500000
19.650000 0.500000
19.800000 0.500000
19.950000 0.500000
20.100000 0.500000
20.250000 0.500000
20.400000 0.500000
20.550000 0.500000
20.700000 0.500000
20.850000 0.500000
21.000000 0.500000
21.150000 0.500000
21.300000 0.500000
21.450000 0.500000
21.600000 0.500000
21.750000 0.500000
21.900000 0.500000
22.050000 0.500000
22.200000 0.500000
22.350000 0.500000
22.500000 0.500000
22.650000 0.500000
22.800000 0.500000
22.950000 0.500000
23.100000 0.500000
23.250000 0.500000
23.400000 0.500000
23.550000 0.500000
23.700000 0.500000
23.850000 0.500000
24.000000 0.500000
24.150000 0.500000
24.300000 0.500000
24.450000 0.500000
24.600000 0.500000
24.750000 0.500000
24.900000 0.500000
25.050000 0.500000
25.200000 0.500000
25.350000 0.500000
25.500000 0.500000
25.650000 0.500000
25.800000 0.500000
25.950000 0.500000
26.100000 0.500000
26.250000 0.500000
26.400000 0.500000
26.550000 0.500000
26.700000 0.500000
26.850000 0.500000
27.000000 0.500000
27.150000 0.500000
27.300000 0.500000
27.450000 0.500000
27.600000 0.500000
27.750000 0.500000
27.900000 0.500000
28.050000 0.500000
28.200000 0.500000
28.350000 0.500000
28.500000 0.500000
28.650000 0.500000
28.800000 0.500000
28.950000 0.500000
29.100000 0.500000
29.250000 0.500000
29.400000 0.500000
29.550000 0.500000
29.700000 0.500000
29.850000 0.500000
0.212994 1.721881
29.801918 1.900695
21.325420 2.751543
20.498938 2.781522
19.608511 2.766455
18.708547 2.759392
17.812220 2.754709
16.913831 2.747885
15.979310 2.658504
8.390695 0.754334
9.302629 0.753059
10.205899 0.754702
11.099228 0.761000
1.708891 0.761106
11.999321 0.767598
3.892409 0.745092
4.791125 0.767044
12.916056 0.788563
5.687900 0.748490
7.489376 0.751427
6.586737 0.748309
13.809110 0.760884
14.831839 0.764799
2.607684 0.761966
22.216318 2.727543
28.225820 0.767774
27.320271 0.750544
26.421598 0.741806
25.520376 0.732925
24.626189 0.719536
23.807041 0.751826
3.292387 2.741342
22.938801 0.766679
28.606645 2.682291
15.040904 2.736665
15.738114 0.750215
16.642255 0.750077
17.539463 0.753520
14.198048 2.700649
13.286580 2.732160
18.432668 0.754145
12.290743 2.744407
11.395910 2.752246
19.333253 0.757604
10.498262 2.753520
20.236491 0.762612
9.595355 2.754555
8.700996 2.746440
21.137450 0.764969
7.798648 2.741211
6.895495 2.738255
5.993415 2.738222
5.206870 2.755362
4.468139 2.738958
2.053373 2.745896
23.395677 2.731782
24.303713 2.735736
25.210992 2.741179
26.110079 2.746777
22.043009 0.768885
27.003374 2.748149
1.150333 2.746076
27.903776 2.745035
29.157467 0.761260
3.446644 0.715270
2.663814 2.739970
3.892947 2.750927
22.805251 2.729270
1.106499 0.755012
0.214100 2.104456
29.202397 2.758786
29.770200 1.497975
0.226756 1.237783
29.790662 2.282181
0.564575 2.749698
29.744808 0.995267
0.536158 0.744931
0.819320 0.749698
1.044848 1.009946
1.351183 1.017881
1.015123 1.262263
1.336714 1.274714
1.322052 1.530655
1.284717 1.779109
1.557198 1.845327
1.705373 1.589994
1.871295 1.780271
2.028407 1.545185
2.067991 1.780830
2.319303 1.545004
2.344891 1.792322
2.629624 1.552330
2.657917 1.810021
2.954811 1.555947
3.087785 1.833251
3.273858 1.559684
3.359713 1.820292
3.583543 1.572313
3.648141 1.827069
3.891038 1.585442
3.954066 1.844802
4.198763 1.593542
4.268220 1.868926
4.504614 1.601435
4.579124 1.887892
4.813393 1.602812
4.888681 1.898292
5.170369 1.576053
5.207086 1.908964
5.505460 1.668075
5.524823 1.928631
5.806570 1.693939
5.833342 1.946131
6.108298 1.704590
6.137665 1.954597
6.410741 1.710565
6.441697 1.959196
6.713457 1.715469
6.744682 1.962980
7.014877 1.720472
7.046870 1.967264
7.315312 1.726024
7.348090 1.972178
7.615355 1.731946
0.990262 1.758709
7.647933 1.977472
7.914612 1.737531
7.947861 1.982703
8.214732 1.742677
8.248372 1.987991
8.516800 1.748027
8.548676 1.994066
8.819158 1.753768
8.849167 2.000945
9.121814 1.759185
9.150137 2.007842
9.425154 1.763830
1.477973 2.017478
9.451283 2.013819
9.727600 1.768031
9.752770 2.018053
10.028886 1.772314
10.054933 2.020597
10.329089 1.777115
10.063418 1.520156
10.361116 1.526145
10.628048 1.782129
10.659041 1.531894
10.926324 1.786687
10.957532 1.536999
11.223524 1.791103
11.256548 1.541887
11.518516 1.796203
11.554375 1.547794
11.806337 1.802732
11.846778 1.557787
12.074722 1.812372
12.129998 1.581617
12.266437 1.827212
12.425088 1.660498
12.557050 1.904256
12.664573 1.624462
12.775975 1.792103
13.029365 1.613633
13.170266 1.945777
13.357996 1.604724
13.450610 1.892006
13.632695 1.576940
13.737522 1.852833
13.896666 1.535756
14.006442 1.792723
14.248514 1.717589
14.329202 1.895250
14.494509 1.655991
14.537932 1.895560
14.746581 1.584311
14.888226 1.844768
15.086901 1.658434
15.228022 1.923560
15.309718 1.682450
15.534976 1.951493
15.614100 1.704812
15.842877 1.983729
15.931997 1.726327
16.190253 2.051693
16.256360 1.741787
16.548992 1.995235
16.579344 1.742010
16.853478 1.988906
16.892241 1.739239
17.154720 1.992638
17.194384 1.742610
17.454824 1.998651
17.493239 1.748355
17.753421 2.004704
17.792546 1.754337
18.051914 2.010561
18.090433 1.760032
18.350785 2.016494
18.388403 1.765526
17.794877 1.504650
16.897304 1.490152
15.960359 1.478404
18.648207 2.022537
18.687263 1.771131
18.943218 2.028781
18.983251 1.777348
18.688720 1.517591
18.984673 1.522731
19.276700 1.784876
19.279798 1.529210
19.574049 1.793060
19.577027 1.536390
19.873294 1.801060
19.876660 1.543411
20.172949 1.808571
20.176697 1.549790
20.474293 1.815883
20.478253 1.555329
20.778077 1.822926
20.780713 1.560147
21.082385 1.828610
21.082355 1.565791
21.385388 1.840122
21.389807 1.578858
21.721248 1.901235
21.711053 1.604220
21.978215 1.871383
22.091997 1.680794
22.321191 1.960132
22.448106 1.633244
22.589048 1.919176
22.756492 1.623695
22.882386 1.907819
23.056196 1.621784
23.179487 1.906181
23.358965 1.608610
23.485108 1.901112
23.715395 1.556310
23.806203 1.900801
24.107642 1.641732
24.134546 1.917206
24.431714 1.674002
24.455110 1.937201
24.741294 1.690462
24.766064 1.950043
25.044966 1.700888
25.070914 1.959199
25.345808 1.709766
25.372707 1.967141
25.646509 1.718239
25.673796 1.974577
25.947178 1.725949
25.973995 1.981213
26.247297 1.732771
26.273027 1.986758
26.546895 1.739100
26.570541 1.991457
26.845110 1.745454
26.866987 1.996112
27.142532 1.752065
27.164087 2.000944
27.439616 1.758279
27.460539 2.004114
27.729218 1.762893
27.748789 2.000431
27.989205 1.766886
28.012942 1.979849
28.164968 1.772807
28.047269 1.551032
28.276081 1.636861
28.442370 1.805145
28.668460 1.664604
28.799979 1.897594
28.967366 1.520133
29.039590 1.819039
27.183227 1.502458
9.152980 1.510030
15.342645 1.461426
26.287997 1.480917
8.238840 1.499567
20.135508 2.059256
11.246362 2.032299
14.427677 1.389300
25.385707 1.457705
7.336464 1.484624
21.070454 2.091464
12.091264 2.027626
13.567433 1.302254
24.478789 1.419623
6.433514 1.470126
21.893903 2.114965
12.916549 2.038177
12.496121 1.361236
28.889524 2.062586
29.075022 2.053028
28.779621 1.331814
23.479849 1.271220
4.657699 2.184720
5.547528 1.438366
13.844662 2.137333
11.613997 1.291319
19.535981 2.043513
5.589254 2.204168
22.622231 1.334112
4.777847 1.312452
10.717254 1.276428
14.824496 2.179839
23.894572 2.189318
2.334766 2.028964
6.500762 2.215676
21.660479 1.321960
15.732285 2.237568
2.897624 2.107724
24.828899 2.213413
29.281048 1.544411
3.213755 1.230312
10.654769 2.025478
7.407824 2.224369
3.405665 2.047279
16.512094 2.232621
20.737692 1.294697
25.735842 2.232166
2.278391 1.286786
3.973388 2.088799
8.310102 2.237251
17.395075 2.250206
19.832654 1.282331
26.627609 2.243693
0.728343 1.248275
9.209304 2.256312
3.847833 1.322484
18.289740 2.264852
22.704901 2.190989
27.514665 2.249505
18.937205 1.266371
23.283211 2.184646
18.636913 1.263328
28.144601 1.309349
27.844050 1.276605
10.124641 1.265646
9.824404 1.261284
29.065208 2.279008
29.319063 2.278794
28.770590 2.256775
18.847259 1.010139
9.809368 2.265037
10.109942 2.265707
9.880673 1.006689
27.903498 1.020656
29.327296 2.034375
27.598944 1.009349
27.541305 1.261984
9.574631 1.005798
9.515472 1.259736
1.663929 1.021672
29.303773 1.784919
29.277940 1.376890
0.856096 2.748033
0.806731 2.498728
1.095486 2.495685
1.039795 2.248363
0.753711 2.250488
0.526595 2.504017
0.258442 2.505319
0.481834 2.262572
0.716114 1.998522
0.766141 0.999114
0.470493 1.238927
0.716363 1.497052
28.919660 2.745842
1.448308 2.745509
1.392184 2.494135
1.750389 2.745737
1.699894 2.493768
2.016681 2.496579
2.013169 2.248298
1.006432 1.511938
0.710398 1.746223
29.472441 2.760391
28.846888 0.776178
29.210750 1.007864
19.147484 1.013102
28.491729 1.397752
28.526502 1.064467
28.215812 2.727826
28.168584 2.461343
27.864568 2.488310
28.462440 2.384503
28.345941 2.135792
1.415642 0.758509
1.972097 1.023671
2.019171 0.761742
2.318969 0.762232
2.567030 1.024695
2.849745 1.017989
2.358366 2.746162
2.328020 2.499707
2.629880 2.492297
27.597386 2.747790
27.297022 2.748515
27.267733 2.498037
26.970637 2.496952
2.980749 2.735123
2.971104 2.434095
3.323178 2.489239
29.127208 1.288322
3.600359 2.750159
3.624984 2.510354
3.908520 2.517470
4.184939 2.745899
4.171618 2.505170
4.430194 2.479254
26.888926 1.495008
26.953689 1.245182
26.654010 1.238468
26.705447 0.990745
27.001734 0.995983
27.245699 1.252853
26.332475 2.240861
26.382869 2.494462
26.033909 2.236902
25.787831 2.489192
25.485313 2.485203
25.431521 2.226138
25.131512 2.220017
24.883305 2.476879
24.575309 2.472616
9.764374 1.515463
21.908006 2.730039
22.216517 2.466195
22.493910 2.464293
21.882099 2.428474
22.183075 2.236587
19.835276 2.050708
19.780956 2.294286
20.079369 2.301245
20.002485 2.537088
19.479176 2.287289
19.179652 2.280959
20.435924 2.068219
20.379939 2.311725
20.748466 2.083436
20.690348 2.335311
21.079241 2.409025
20.805353 2.597553
18.585439 2.269725
18.880758 2.274870
19.234127 2.034703
19.101963 2.522127
17.093310 2.244286
17.313553 2.501321
17.612127 2.505029
17.690264 2.255149
17.988195 2.259843
18.207412 2.510942
16.794961 2.238151
16.715661 2.486499
16.431436 2.463589
14.752147 2.738797
15.083761 2.468032
15.382163 2.471691
14.784112 2.467527
14.513644 2.157487
14.180566 2.074818
13.946123 2.472060
13.589790 2.460031
13.843236 2.766392
15.143859 2.191759
14.540230 2.737284
15.338745 2.734041
15.633704 2.722772
15.864497 2.468907
15.434797 0.752203
15.549113 0.999142
15.852411 0.996087
15.245460 1.011118
15.618884 1.237172
15.127481 0.759768
14.926765 1.068177
14.672242 1.011196
14.776318 1.288200
14.549642 0.757126
14.348780 1.064077
14.119022 0.762997
14.089761 1.019494
13.811510 1.021309
14.087842 1.253727
13.516180 0.765028
13.534622 1.032885
13.219712 0.778800
13.252077 1.058686
12.923254 1.146844
13.093229 1.359521
12.604070 0.786385
12.568796 1.080687
12.295754 0.775459
12.262895 1.052083
11.963826 1.037134
12.201915 1.326149
11.695409 0.764743
11.394513 0.762724
11.364664 1.025320
11.065035 1.021940
10.797104 0.759341
10.498059 0.757326
10.469967 1.014570
16.038110 0.749140
16.158110 0.995047
16.339228 0.748977
16.462897 0.995396
16.764635 0.997135
16.548761 1.240263
16.940196 0.750835
17.064116 0.999525
7.786920 0.752460
7.745652 1.001971
8.046381 1.004297
7.443638 0.998757
7.684991 1.247195
7.987562 1.251028
7.184273 0.749988
7.141075 0.996246
6.881291 0.748673
6.839033 0.993776
6.540687 0.991553
6.781583 1.234938
6.283509 0.747150
6.240108 0.989567
5.981533 0.746573
5.940268 0.988072
5.644605 0.990245
5.884027 1.222987
5.386511 0.753066
5.351371 1.001650
5.086729 0.760455
5.064280 1.020400
4.773958 1.035856
5.067326 1.280117
4.471054 1.042650
4.473759 1.319523
4.487181 0.769700
4.157346 1.040672
4.163564 1.318367
3.799264 1.022646
3.561635 1.124547
8.083167 0.752971
8.349045 1.005868
8.655628 1.007346
8.595365 1.256862
8.903644 1.258422
8.962362 1.007001
16.304548 2.235704
25.088964 1.448966
25.154433 1.202814
25.450876 1.211479
24.852146 1.192897
25.204327 0.963370
24.902636 0.955963
19.934919 0.761467
20.050498 1.024152
20.350546 1.026747
20.534723 0.763506
20.650243 1.028636
20.834412 0.764403
20.951602 1.030885
21.254672 1.034513
21.033043 1.299368
21.437101 0.766611
21.559791 1.039764
19.631795 0.759838
19.446238 1.016957
19.228550 1.271436
21.738983 0.768470
21.869079 1.044617
22.178827 1.047440
21.983515 1.338389
17.836820 0.754055
17.661459 1.005108
17.955233 1.006754
17.361654 1.002210
17.451261 1.250813
17.235875 0.751742
18.132675 0.754079
18.249651 1.007766
22.344187 0.770731
22.484475 1.049097
22.643092 0.770507
22.783732 1.047628
23.072904 1.037949
22.920730 1.331491
26.591802 1.488212
26.352157 1.232032
26.049518 1.225307
26.103165 0.980590
25.799418 0.975768
25.743836 1.219198
21.606242 2.745063
21.554366 2.509416
21.376462 2.079571
21.588103 2.071244
24.165911 1.381480
24.259315 1.141717
23.944401 1.055135
24.131617 0.890609
23.610482 1.019276
24.330837 0.921444
24.550014 1.175041
11.690230 2.752796
11.650508 2.510481
11.354917 2.509791
11.943901 2.507289
11.588028 2.272862
11.093884 2.752576
11.058432 2.508855
10.792627 2.753109
10.759675 2.508793
10.461311 2.509401
10.193720 2.754934
9.891509 2.755250
11.983324 2.751165
12.237258 2.493330
12.533244 2.461440
12.425858 2.209666
12.600625 2.729910
12.966647 2.675758
13.121998 2.471555
23.846385 1.325380
8.397541 2.744295
8.665886 2.493882
8.964486 2.499208
8.094820 2.742636
8.062697 2.486355
7.761282 2.483623
7.493900 2.740097
7.191975 2.738926
7.158922 2.478514
6.856765 2.476976
6.590750 2.738137
6.288770 2.738029
6.252236 2.475391
5.951068 2.474340
6.195157 2.213467
5.692209 2.739484
5.650804 2.474937
5.405225 2.747151
5.354478 2.485428
5.039838 2.545751
5.278399 2.203623
4.943788 2.755007
8.993899 2.749604
9.291363 2.752396
23.095538 2.730146
23.059877 2.458448
22.769826 2.460146
24.787544 1.437950
23.996916 2.734231
24.265843 2.468280
24.515079 2.205032
23.958597 2.464597
23.690809 2.732554
23.652414 2.461725
23.580936 2.184909
3.143236 0.752600
8.993088 0.753851
9.264419 1.006327
23.349724 2.459229
22.982530 2.185202
22.505477 2.730233
25.686391 1.466862
18.408210 2.757468
23.226982 0.763146
18.088016 1.509360
20.429628 1.291326
18.381578 1.513489
13.272925 2.218053
10.955367 2.028303
10.359406 2.022390
9.462269 1.512288
9.509147 2.261487
25.989582 1.474561
8.686426 0.753960
26.700991 2.747921
4.299051 2.189882
4.704731 2.480069
3.674119 2.061267
4.742377 2.746523
2.885819 1.280011
3.212011 2.041579
2.628650 2.049880
2.897667 0.758945
27.480777 1.511038
27.773533 1.524271
3.060359 1.007238
2.587207 1.286849
15.448499 2.211866
11.907181 1.302630
20.126155 1.287083
7.082910 1.238406
6.551705 2.476262
28.581658 2.019761
29.446266 0.749082
3.697902 0.714850
0.206842 1.890569
0.447164 1.729771
0.243250 0.992071
0.223195 1.486573
29.787990 1.735554
1.666920 1.287328
29.802134 2.114799
29.767731 2.515212
13.543542 2.178402
15.663010 2.474976
11.661040 1.029610
19.306985 2.763859
19.742600 1.020776
23.516943 0.762270
6.800929 2.218381
29.752096 1.249565
24.599881 2.736897
1.983685 1.288150
28.529076 0.778249
6.181717 1.227118
23.214502 1.314224
1.005450 2.004049
15.977971 2.304497
11.311541 1.285415
19.524063 1.276844
7.103905 2.221632
17.193778 1.494354
24.901191 2.738807
20.205336 2.773788
2.282367 1.024576
22.307567 1.340145
5.284732 1.234649
11.013071 1.280545
19.028679 0.756116
7.457147 2.481435
11.825162 2.036036
25.179915 2.480880
16.314173 2.718604
21.336922 1.308238
28.204527 1.043211
1.626760 2.237441
10.763878 1.018172
18.728432 0.754961
29.453926 1.262496
7.705325 2.229022
21.048281 2.754412
4.179984 0.765357
25.504579 2.743033
16.271064 1.485042
16.612585 2.739347
23.343522 1.020687
12.675537 2.136010
10.418135 1.270844
18.544004 1.008838
8.006755 2.233428
21.337104 2.569344
27.914966 0.760854
25.803278 2.744894
17.010134 2.495319
29.563801 2.282282
1.280661 2.014595
18.332728 1.260920
24.202100 2.195419
8.360442 2.490222
3.558647 1.309057
15.637960 1.470334
26.080596 2.491996
27.611825 0.755085
9.901304 0.753054
17.210823 2.750883
29.559282 1.756856
18.035995 1.258239
29.270504 2.518152
21.995805 2.251327
13.310067 2.470659
8.607159 2.243363
14.437820 2.487085
4.965553 2.201456
26.400388 2.747319
17.510074 2.752874
9.596542 0.752717
27.294370 1.002079
17.739830 1.254802
5.891319 2.209155
14.664372 1.422508
8.907686 2.249815
1.328591 2.249405
3.400511 0.999229
17.906352 2.507738
17.486863 1.499404
27.013471 0.747570
16.189186 2.399778
9.208955 1.258796
29.024422 2.512980
9.259282 2.504414
13.560172 2.737331
26.671941 2.495707
26.919167 2.246423
17.145346 1.246826
13.838927 1.278660
18.107677 2.755782
26.712954 0.744989
9.558518 2.508110
0.280041 2.751061
27.216438 2.248920
28.809932 2.483410
8.849915 1.506537
16.843555 1.243362
18.503002 2.514192
12.757261 1.445722
26.397754 0.986149
9.858410 2.509888
27.562549 2.496798
8.547312 1.502881
16.577921 1.488774
18.800142 2.517815
28.892851 1.102318
1.791163 1.947818
26.113430 0.739404
27.803225 2.239073
10.157848 2.510040
16.231952 1.239290
8.292042 1.253624
19.005171 2.761390
28.238550 1.919786
25.811634 0.736848
15.919218 1.237620
10.408511 2.266005
7.940383 1.494694
19.400001 2.526562
28.082555 2.205011
10.171280 1.010390
2.048639 2.007325
25.495856 0.970614
10.707333 2.266888
7.641621 1.489672
0.462476 1.487245
19.699491 2.531274
0.400907 1.997250
29.472302 0.995206
25.213509 0.730024
15.317403 1.242390
11.004064 2.268557
2.321611 2.261872
15.101389 1.253343
7.386456 1.242260
0.500726 0.992944
19.904861 2.769236
0.235416 2.270685
24.913435 0.726094
20.300017 2.545756
7.038529 1.479463
11.297781 2.270904
11.542342 2.035067
24.603902 0.943197
15.015623 1.450311
11.879535 2.268537
6.739203 1.474891
14.277387 1.231626
20.608820 2.560300
2.608122 2.268432
14.571561 1.165643
2.815281 2.263899
24.337702 0.713417
6.483692 1.230954
0.269516 0.746365
20.774407 2.773612
29.736556 2.756721
29.723536 0.747746
12.158825 2.250738
29.622374 2.017168
24.071552 0.724193
6.135459 1.464454
21.440686 2.298221
13.302298 1.332610
3.130493 2.195617
12.333167 1.984328
14.048100 2.822189
3.378910 2.258008
29.523764 1.521672
12.796129 2.384944
14.157760 1.480156
5.839574 1.455320
21.689349 2.213785
29.520702 2.519688
22.428270 2.212162
3.658784 2.283532
22.086138 2.032261
3.935326 2.306782
5.596858 1.219796
23.653017 1.208994
14.188912 2.341816
13.031213 2.289468
3.573200 0.837732
5.346683 1.409038
29.250026 1.175815
4.131342 2.340188
13.330147 1.468667
13.193680 1.609179
13.061297 1.486577
13.197764 1.346066
13.195722 1.477622
22.906344 1.622740
22.689361 1.478904
22.771481 1.332802
22.988463 1.476637
22.838912 1.477771
4.991881 1.589432
4.795620 1.457632
4.922586 1.296285
5.118848 1.428085
4.957234 1.442859
22.566586 2.201576
22.737363 2.325568
22.631868 2.462220
22.461090 2.338228
22.599227 2.331898
28.054012 1.031934
27.909232 0.890755
28.070393 0.764314
28.215173 0.905492
28.062203 0.898124
22.634104 1.048362
22.852231 1.189559
22.553353 1.191605
22.702792 1.190582
4.478375 2.187301
4.681215 2.332394
4.567463 2.479661
4.364623 2.334568
4.522919 2.333481
12.532458 1.220962
12.349018 1.343693
12.232405 1.189116
12.415845 1.066385
12.382432 1.205039
5.433827 2.203895
5.242742 2.056293
5.365955 1.918798
5.557039 2.066400
5.399891 2.061347
12.840258 1.296283
12.626691 1.403479
12.746025 1.113766
12.686358 1.258622
22.270052 1.657019
22.037756 1.509591
22.145541 1.339267
22.377837 1.486694
22.207797 1.498143
5.047883 1.903628
5.121976 2.202540
4.927117 2.049874
5.084930 2.053084
21.901525 1.642507
21.685766 1.463090
21.821997 1.330175
21.861761 1.486341
28.404190 2.260148
28.463799 2.077777
28.676124 2.138268
28.616515 2.320639
28.540157 2.199208
28.869869 0.939248
28.709676 1.083392
28.527789 0.921358
28.687982 0.777214
28.698829 0.930303
14.525788 2.026523
14.347105 2.116153
14.254884 1.985034
14.433567 1.895405
14.390336 2.005779
11.039053 1.151242
10.865163 1.278487
10.740566 1.147300
10.914456 1.020056
10.889810 1.149271
11.935503 1.169882
11.760589 1.296975
11.637519 1.160465
11.812433 1.033372
11.786511 1.165173
5.620029 2.339553
5.502641 2.480182
5.316438 2.344525
5.468234 2.342039
23.204800 2.458838
23.021204 2.321825
23.132870 2.184924
23.316467 2.321937
23.168835 2.321881
8.571339 1.379872
8.393076 1.501224
8.265441 1.376595
8.443704 1.255243
8.418390 1.378234
12.054548 1.314390
12.113360 1.044609
12.083954 1.179499
27.148052 0.999031
27.007603 0.871776
27.166871 0.749057
27.307321 0.876311
27.157462 0.874044
28.365514 1.053839
28.377448 0.773012
28.371481 0.913425
21.610135 1.180862
21.714435 1.042191
21.926297 1.191503
21.768216 1.186183
27.751221 1.015003
27.605385 0.882217
27.763396 0.757970
27.757308 0.886486
11.338102 1.155367
11.162306 1.282980
11.214849 1.023630
11.188578 1.153305
11.462769 1.288367
11.512852 1.027465
11.487811 1.157916
28.534543 2.533397
28.790261 2.370093
28.708288 2.582851
28.662402 2.451745
23.805505 2.463161
23.616675 2.323317
23.737754 2.187114
23.926584 2.326957
23.771630 2.325137
22.843715 2.188095
22.914851 2.459297
22.879283 2.323696
14.804304 2.323683
14.984177 2.185799
15.113810 2.329895
14.933937 2.467780
14.959057 2.326789
6.347960 2.214571
6.166411 2.084032
6.289681 1.956896
6.471229 2.087436
6.318820 2.085734
23.432073 2.184778
23.501069 2.460477
23.466571 2.322627
7.489042 1.487148
7.361460 1.363442
7.535724 1.244728
7.663306 1.368433
7.512383 1.365938
29.402406 1.533041
29.279494 1.460650
29.365933 1.319693
29.488845 1.392084
29.384170 1.426367
9.890988 0.879871
9.727652 1.006243
9.585586 0.879257
9.748923 0.752885
9.738287 0.879564
20.553879 2.670911
20.707087 2.578926
20.789880 2.685582
20.636672 2.777567
20.671879 2.678247
14.720345 1.355354
14.895970 1.369256
14.881102 1.517311
14.705477 1.503409
14.800723 1.436332
3.307133 1.114770
3.481073 1.061888
3.560141 1.216802
3.386201 1.269684
3.433637 1.165786
26.853591 0.993364
26.709201 0.867867
26.863213 0.746280
26.858402 0.869822
26.250460 0.983370
26.108298 0.859997
26.267514 0.740605
26.409676 0.863977
26.258987 0.861987
20.885368 1.297032
21.057699 1.432580
20.931534 1.562969
20.759202 1.427422
20.908451 1.430001
19.654001 2.648865
19.850988 2.534181
19.953673 2.653162
19.756686 2.767845
19.803837 2.651013
12.550698 2.172838
12.379512 2.096997
12.445108 1.944292
12.616294 2.020133
12.497903 2.058565
5.985504 1.950364
6.043238 2.211311
5.862330 2.077643
6.014371 2.080837
21.236081 1.572325
21.184983 1.303803
21.363365 1.443548
21.210532 1.438064
18.754344 2.638603
18.951052 2.519971
19.053567 2.641758
18.856859 2.760391
18.903956 2.640181
16.961982 2.621602
17.161843 2.498320
17.262188 2.626102
17.062327 2.749384
17.112085 2.623852
17.859286 2.631223
18.056882 2.509340
18.157544 2.633362
17.959948 2.755245
18.008415 2.632293
2.856453 2.185812
3.014059 2.151671
3.050799 2.314856
2.893193 2.348997
2.953626 2.250334
27.658945 2.244289
27.833897 2.363692
27.713558 2.492554
27.538607 2.373152
27.686252 2.368422
6.526233 2.345969
6.401971 2.475826
6.223697 2.344429
6.374965 2.345199
6.650846 2.217028
6.828847 2.347679
6.704235 2.476619
6.677540 2.346824
4.318661 1.318945
4.489187 1.460479
4.351689 1.597489
4.181163 1.455954
4.335175 1.458217
15.415331 2.341778
15.590392 2.224717
15.697648 2.356272
15.522587 2.473334
15.556489 2.349025
15.296179 2.201812
15.232962 2.469861
15.264570 2.335837
25.031610 2.478879
25.195454 2.611029
25.056092 2.739993
24.892248 2.607843
25.043851 2.609436
7.556574 2.226695
7.733304 2.356322
7.609215 2.482529
7.432486 2.352902
7.582895 2.354612
24.112220 2.466438
24.048336 2.192368
24.233971 2.331849
24.080278 2.329403
6.586359 1.472508
6.458603 1.350540
6.632638 1.232946
6.760393 1.354914
6.609498 1.352727
4.044900 1.589492
3.869435 1.453963
4.005698 1.320425
4.025299 1.454959
25.934213 2.490594
26.095337 2.619387
25.956678 2.745836
25.795554 2.617043
25.945446 2.618215
24.671989 2.209223
24.485095 2.071117
24.610587 1.943622
24.797481 2.081728
24.641288 2.076422
8.458630 2.240307
8.636522 2.368622
8.513164 2.492052
8.335272 2.363737
8.485897 2.366180
10.259226 2.265856
10.434911 2.387703
10.309579 2.509720
10.133895 2.387873
10.284403 2.387788
25.951291 0.978179
25.805526 0.856308
25.962532 0.738126
25.956912 0.858152
20.693968 1.161666
20.800923 1.029760
20.992323 1.165126
20.843145 1.163396
6.952417 2.220007
7.131414 2.350073
7.007844 2.477745
6.980130 2.348876
11.394352 2.033683
11.565185 2.153964
11.442905 2.271883
11.272072 2.151602
11.418628 2.152783
10.567694 1.273636
10.444051 1.142707
10.616922 1.016371
10.592308 1.145004
10.188589 0.882546
10.025977 1.008539
10.053601 0.753878
10.039789 0.881209
3.049787 1.255161
2.867782 1.149000
2.955052 1.012613
3.137057 1.118775
3.002420 1.133887
24.420576 2.470448
24.587595 2.604756
24.451797 2.736316
24.284778 2.602008
24.436187 2.603382
16.372804 2.591097
16.573549 2.475044
16.664123 2.612923
16.463379 2.728976
16.518464 2.602010
25.350092 0.966992
25.208918 0.846697
25.366942 0.731474
25.508116 0.851769
25.358517 0.849233
24.729307 2.474747
24.750536 2.737852
24.739921 2.606300
8.933003 1.132711
9.113390 1.006664
9.236687 1.132562
9.056299 1.258609
9.084845 1.132636
15.855128 2.271032
15.921234 2.386702
15.763754 2.471941
15.809441 2.371487
23.411686 1.145953
23.477002 1.019981
23.631750 1.114135
23.566433 1.240107
23.521718 1.130044
27.446657 1.005714
27.466048 0.752814
27.456353 0.879264
14.313083 1.147852
14.460170 1.114860
14.499619 1.277472
14.352532 1.310463
14.406351 1.212662
20.583660 1.293011
20.390087 1.159036
20.500394 1.027691
20.542027 1.160351
14.123074 2.761419
13.945668 2.794291
13.894679 2.619226
14.072085 2.586355
14.008877 2.690323
5.693551 1.446843
5.572193 1.329081
5.740443 1.221391
5.861801 1.339153
5.716997 1.334117
25.053482 0.959667
24.908036 0.841029
25.063472 0.728059
25.058477 0.843863
4.639153 0.768372
4.493591 0.634850
4.795562 0.633522
4.644577 0.634186
2.736513 1.283430
2.577118 1.155772
2.708387 1.021342
2.722450 1.152386
4.723554 2.613296
4.872284 2.512910
4.991813 2.650379
4.843083 2.750765
4.857684 2.631837
7.856040 2.231225
8.034726 2.359891
7.911990 2.484989
7.884015 2.358107
21.938952 2.339901
21.785724 2.321129
21.791626 2.164375
21.944854 2.183146
21.865289 2.252138
7.255864 2.223000
7.308035 2.479974
7.281950 2.351487
20.277892 1.289204
20.088326 1.155618
20.200522 1.025450
20.239207 1.157327
4.775902 1.174154
4.625803 1.315988
4.472407 1.181086
4.622506 1.039253
4.624154 1.177620
2.127232 1.024124
2.280379 1.155681
2.131038 1.287468
1.977891 1.155911
2.129135 1.155796
16.084248 2.529141
16.310311 2.431683
16.146741 2.688554
16.228526 2.560119
17.462840 2.503175
17.561100 2.628951
17.360448 2.751878
17.411644 2.627527
9.283524 0.879693
9.449585 0.752888
9.419525 1.006062
9.434555 0.879475
25.636572 2.487197
25.653929 2.743964
25.494946 2.614118
25.645250 2.615580
4.333583 0.767529
4.189992 0.632679
4.341791 0.633764
24.467370 0.932321
24.334270 0.817431
24.481946 0.716477
24.615046 0.831367
24.474658 0.824399
0.269241 2.628190
0.140020 2.750531
0.129221 2.502660
0.134621 2.626595
8.876779 1.382480
8.698613 1.504709
8.749505 1.257642
8.724059 1.381176
4.782541 0.901450
4.479118 0.906175
4.630830 0.903812
24.231227 0.906027
24.101585 0.807401
24.204627 0.718805
24.217927 0.812416
2.646847 2.616133
2.511090 2.743066
2.343193 2.622935
2.478950 2.496002
2.495020 2.619534
0.666663 2.501373
0.504214 2.383294
0.617772 2.256530
0.780221 2.374608
0.642218 2.378951
13.216032 2.471107
13.076606 2.380511
13.152069 2.253760
13.291496 2.344356
13.184051 2.362434
19.678359 1.279588
19.485151 1.146901
19.594419 1.018866
19.787627 1.151553
19.636389 1.149227
23.030936 1.907000
23.231349 2.045414
22.932458 2.046510
23.081903 2.045962
23.777442 1.037205
23.563712 0.890773
23.661992 0.757048
23.875721 0.903480
23.719717 0.897127
19.979405 1.284707
19.896549 1.022464
19.937977 1.153586
25.332614 2.483041
25.357786 2.742106
25.345200 2.612574
2.059585 0.630871
1.864031 0.761424
1.754445 0.630553
1.907015 0.630712
1.725141 2.619753
1.858287 2.495174
2.035027 2.621238
1.901881 2.745817
1.880084 2.620495
8.757422 2.246589
8.936086 2.374511
8.815186 2.496545
8.786304 2.371567
26.551600 0.988447
26.567276 0.743397
26.559438 0.865922
16.862898 2.490909
16.763208 2.743616
16.813053 2.617262
13.963385 1.266194
14.122801 1.366941
14.027213 1.507956
13.867797 1.407208
13.995299 1.387075
0.850330 1.752466
0.713380 1.621637
0.861397 1.504495
0.998347 1.635323
0.855864 1.628480
3.307782 2.615291
3.136568 2.738232
2.975927 2.584609
3.147141 2.461667
3.141855 2.599950
1.075674 0.882479
0.905495 1.004530
0.792730 0.874406
0.962910 0.752355
0.934202 0.878443
9.545051 1.132767
9.362213 1.259266
9.390869 1.132664
0.545585 2.626857
0.831413 2.623380
0.710335 2.748865
0.688499 2.625119
27.067802 2.247672
27.242085 2.373479
27.119185 2.497495
26.944902 2.371687
27.093494 2.372583
2.432799 1.286817
2.424698 1.024635
2.428749 1.155726
29.201159 2.043701
29.057306 1.936034
29.171681 1.801979
29.315534 1.909647
29.186420 1.922840
2.076687 2.872948
2.205870 2.746029
2.379183 2.873081
2.227935 2.873015
14.067518 2.406938
14.313366 2.414450
14.317934 2.593867
14.192726 2.500403
7.963973 1.372861
7.791002 1.492183
7.836277 1.249111
7.813639 1.370647
1.029986 1.136105
0.871733 1.255269
0.747242 1.123694
0.888614 1.129899
29.003478 1.669586
29.124207 1.532272
29.292410 1.664665
29.147944 1.667126
2.681907 2.869985
2.822282 2.737546
2.990375 2.867561
2.836141 2.868773
19.082878 1.268903
19.254174 1.400323
19.132236 1.525970
18.960939 1.394551
19.107557 1.397437
29.184109 0.884562
29.051801 1.055091
29.002177 0.768719
29.026989 0.911905
28.919784 1.858317
28.734219 1.781099
28.817913 1.592369
28.868849 1.725343
17.640870 1.502027
17.469062 1.375109
17.595546 1.252807
17.767354 1.379726
17.618208 1.377417
29.047287 1.404228
29.202574 1.332606
29.163390 1.432439
23.645656 1.900956
23.850387 2.045059
23.533022 2.043011
23.691705 2.044035
1.686410 0.891389
1.507556 1.019777
1.383412 0.888195
1.562266 0.759808
1.534911 0.889792
1.599348 2.745623
1.775194 2.872869
1.474154 2.872754
1.624674 2.872812
29.436221 2.880195
29.151199 2.879393
29.337419 2.759588
29.293710 2.879794
3.900733 2.634199
3.746653 2.750543
3.612672 2.630257
3.766752 2.513912
3.756703 2.632228
0.878048 2.874016
0.582287 2.874849
0.730168 2.874433
1.164242 1.521296
1.303384 1.654882
1.137490 1.768909
1.150866 1.645103
14.856361 2.012303
15.058124 1.884164
15.185940 2.057659
15.021150 2.034981
1.003215 2.747054
1.175167 2.873038
1.026607 2.873527
0.290020 2.875531
0.422308 2.750379
0.436154 2.875190
29.423133 0.624541
29.301866 0.755171
29.128733 0.630630
29.275933 0.627585
22.305673 2.224375
22.134607 2.134424
22.203665 1.996197
22.374731 2.086147
22.254669 2.110286
8.158428 2.235339
8.211569 2.488288
8.184999 2.361814
12.165957 1.453883
12.460604 1.510867
12.277543 1.621057
12.313280 1.482375
3.296193 2.870671
3.446373 2.745751
3.600180 2.875079
3.448187 2.872875
29.711768 0.623873
29.584901 0.748414
29.567451 0.624207
0.859660 0.624849
1.153250 0.627506
1.006455 0.626178
4.160455 1.179519
3.823549 1.172565
3.978305 1.031659
3.992002 1.176042
28.411229 2.705058
28.192198 2.594584
28.315512 2.422923
28.363370 2.563991
1.995634 0.892706
1.818013 1.022672
1.841022 0.892048
28.982273 2.057807
28.844752 1.980090
28.951029 1.958062
1.198016 1.013914
1.261071 0.756761
1.229543 0.885337
0.568079 0.622466
0.677739 0.747315
0.713870 0.623657
28.859830 2.872921
29.061028 2.752314
29.005514 2.876157
28.823444 0.638089
28.976089 0.634360
28.553323 2.841146
28.763152 2.714067
28.706576 2.857033
1.420246 2.619822
1.546039 2.493951
1.572694 2.619787
29.323180 2.156584
29.192136 2.278901
29.070115 2.166018
29.196647 2.161301
18.455606 2.635830
18.651572 2.516003
18.558378 2.758430
18.604975 2.637217
9.359226 2.258899
9.533833 2.384799
9.408900 2.506262
9.234293 2.380363
9.384063 2.382581
1.299321 2.745792
1.324660 2.872896
2.359484 0.631116
2.169070 0.761987
2.209535 0.630993
0.713256 1.872372
0.997856 1.881379
0.860782 2.001286
0.855556 1.876876
28.207906 2.863913
28.380614 2.852529
13.008242 1.253183
12.893313 1.529677
12.950777 1.391430
0.896753 2.249425
1.067641 2.372024
0.951108 2.497206
0.923931 2.373316
3.896473 2.875464
4.038943 2.748413
4.192470 2.872950
4.044471 2.874207
4.449167 2.609106
4.326539 2.742429
4.178279 2.625535
4.300906 2.492212
4.313723 2.617320
2.172350 2.498143
2.189110 2.622086
29.712254 2.065984
29.796398 2.198490
29.677231 2.282231
29.593088 2.149725
29.694743 2.174108
27.598693 2.873895
27.298511 2.874257
27.447204 2.748152
27.448602 2.874076
24.358590 2.200225
24.545194 2.338824
24.389583 2.335337
4.314200 1.041661
4.316431 1.180303
2.800492 2.463196
2.811387 2.600371
27.901888 2.872518
28.059794 2.736430
28.054897 2.868215
4.605258 2.742740
4.586360 2.611201
3.474081 2.499796
3.460227 2.622774
27.150198 2.748332
26.987005 2.622551
27.282377 2.623276
27.134691 2.622913
2.587357 0.893331
2.752676 0.760456
2.873706 0.888467
2.730531 0.890899
27.880865 1.990140
27.739003 1.881662
27.859211 1.764889
28.001073 1.873367
27.870038 1.877514
27.750581 2.746412
27.750291 2.873206
27.214463 1.377655
27.393502 1.257418
27.511041 1.386511
27.332002 1.506748
27.362752 1.382083
27.604664 2.002272
27.450078 1.881196
27.584417 1.760586
27.594541 1.881429
27.312313 2.002529
27.153310 1.876505
27.291074 1.755172
27.301694 1.878851
4.040069 2.511320
4.039506 2.629867
1.122910 2.620880
0.977161 2.622130
4.919119 1.028128
5.065803 1.150259
4.920853 1.162206
4.938927 0.763750
5.075505 0.890428
4.929023 0.895939
27.015537 1.998528
26.856049 1.870783
26.993821 1.748760
27.004679 1.873644
5.197158 2.515589
5.379851 2.616289
5.306047 2.751256
5.123354 2.650557
5.251602 2.633423
5.393255 0.626533
5.236620 0.756761
5.093365 0.630228
5.243310 0.628380
5.666252 0.869367
5.834716 0.747532
5.960900 0.867323
5.792436 0.989158
5.813576 0.868345
5.693950 0.624245
5.537205 0.750778
5.543603 0.625389
5.368941 0.877358
5.497988 0.995947
5.517597 0.873363
26.480042 2.242277
26.302751 2.113810
26.421784 1.989107
26.599075 2.117575
26.450913 2.115692
6.291755 0.623575
6.132521 0.746862
5.990766 0.623287
6.141261 0.623431
5.153435 2.877681
5.021894 2.877503
5.072624 2.764030
26.867018 1.620231
26.696003 1.742277
26.569349 1.613656
26.740364 1.491610
26.718183 1.616944
6.101652 2.474865
6.270503 2.606710
6.141092 2.738125
5.972241 2.606281
6.121372 2.606495
5.800936 2.474638
5.842812 2.738853
5.671506 2.607210
5.821874 2.606746
6.563712 0.869931
6.734014 0.748491
6.860162 0.871224
6.689860 0.992665
6.711937 0.870578
26.622906 1.363340
26.439900 1.484565
26.320077 1.356475
26.503083 1.235250
26.471491 1.359907
5.402612 2.873575
5.548717 2.743317
5.696104 2.869742
5.549358 2.871659
25.523251 1.970859
25.704819 2.103371
25.583681 2.229152
25.402114 2.096639
25.553466 2.100005
6.261809 0.868358
6.435123 0.747729
6.390398 0.990560
6.412760 0.869145
6.593368 0.624154
6.442562 0.623865
7.162674 0.873117
7.336825 0.750708
7.466507 0.875092
7.292356 0.997502
7.314591 0.874105
7.175449 2.608720
7.043735 2.738590
6.876130 2.607615
7.025790 2.608168
6.595375 2.869069
6.294385 2.869014
6.439760 2.738083
6.444880 2.869042
5.996707 2.869111
5.846406 2.869426
26.183192 2.238882
26.003952 2.109058
26.123511 1.983986
26.153352 2.111434
8.064774 0.878634
8.236931 0.753653
8.369870 0.880101
8.197713 1.005082
8.217322 0.879368
7.494688 0.625714
7.192137 0.624994
7.343412 0.625354
8.016972 1.127662
7.715321 1.124583
7.896017 1.003134
7.866147 1.126123
25.281516 2.223077
25.101213 2.089608
25.221811 1.963170
25.251663 2.093124
7.638148 0.751944
7.766286 0.877216
7.594645 1.000364
7.616396 0.876154
7.496950 2.870048
7.195988 2.869463
7.342938 2.739511
7.346469 2.869756
8.078758 2.614495
7.946734 2.741924
7.779965 2.612417
7.929362 2.613456
8.091583 0.626486
8.395348 0.627167
8.243465 0.626826
25.715114 1.343030
25.896677 1.222252
26.019550 1.349934
25.837986 1.470712
25.867332 1.346482
6.743123 2.738196
6.897748 2.869127
6.746561 2.869098
8.538561 0.754147
8.671027 0.880653
8.502336 1.006607
8.520448 0.880377
7.032782 0.749330
6.890646 0.624336
7.041391 0.624665
7.646274 2.740654
7.799324 2.870606
7.648137 2.870327
8.700498 2.873220
8.398770 2.872148
8.549269 2.745367
8.549634 2.872684
8.977725 0.880426
8.808995 1.007173
8.839757 0.753906
8.824376 0.880540
9.147858 0.753455
9.130624 0.880059
10.046152 1.646235
9.878243 1.770173
9.745987 1.641747
9.913896 1.517810
9.896069 1.643991
8.979192 2.624406
8.847447 2.748022
8.683441 2.620161
8.831317 2.622283
9.301314 0.626529
8.996544 0.626926
9.148929 0.626728
9.488870 1.386012
9.669938 1.260510
9.794389 1.388374
9.613322 1.513876
9.641630 1.387193
8.996949 2.874802
9.142631 2.751000
9.295681 2.876198
9.146315 2.875500
24.856102 2.345146
24.700648 2.341985
10.610493 2.509097
10.776151 2.630951
10.645445 2.753314
10.479786 2.631460
10.627969 2.631206
8.097410 2.871318
8.246180 2.743466
8.248090 2.871733
10.196860 2.877467
9.895755 2.877625
10.042615 2.755092
10.046307 2.877546
9.597678 2.877277
9.443359 2.753475
9.446679 2.876738
13.298323 2.601409
13.126614 2.703959
13.044323 2.573656
13.171323 2.587533
12.933324 2.837879
13.243290 2.866080
13.088307 2.851980
12.600312 2.864955
12.783636 2.702834
12.766818 2.851417
10.345991 2.754227
10.499131 2.876760
10.347996 2.877113
11.082131 0.891470
11.246870 0.761862
11.379588 0.894022
11.230860 0.892746
10.948166 0.760171
10.798552 0.629671
11.099614 0.630500
10.949083 0.630085
11.206674 2.509323
11.375413 2.631018
11.244897 2.752411
11.076158 2.630716
11.225786 2.630867
11.502713 2.510136
11.670369 2.631638
11.543070 2.752521
11.522891 2.631328
10.647582 0.758333
10.499029 0.628663
10.648791 0.629167
11.981573 0.902366
12.147537 0.771528
12.279324 0.913771
12.130449 0.908068
12.295372 2.872203
11.991662 2.875582
12.137033 2.747786
12.143517 2.873893
10.796314 2.876554
10.943256 2.752843
11.096942 2.876288
10.946628 2.876421
11.544961 0.763734
11.397256 0.631362
11.697705 0.632372
11.547480 0.631867
11.999660 0.633799
11.847365 0.766171
11.848683 0.633085
12.602035 0.643192
12.449912 0.780922
12.297877 0.637729
12.449956 0.640461
11.397955 2.876123
11.247448 2.876206
12.919655 0.967704
13.067884 0.783682
13.235894 0.918743
13.087665 1.102765
13.077775 0.943223
12.586433 0.933536
12.760063 0.787474
12.753044 0.950620
11.963612 2.629227
12.090580 2.500310
12.264001 2.618869
12.113807 2.624048
12.908028 0.644282
12.755031 0.643737
13.508090 0.632514
13.367946 0.771914
13.209856 0.639400
13.358973 0.635957
13.810310 0.891096
13.964066 0.761941
14.104392 0.891246
13.950635 1.020401
13.957351 0.891171
13.525401 0.898956
13.662645 0.762956
13.673066 1.027097
13.667855 0.895026
13.804555 0.630442
13.656322 0.631478
14.474821 0.628563
14.334332 0.760062
14.109511 0.631499
14.292166 0.630031
14.799504 1.039687
14.610942 0.884161
14.690741 0.760963
14.879302 0.916488
14.745122 0.900325
15.062332 2.602348
14.896525 2.737731
14.768130 2.603162
14.915231 2.602755
14.765920 0.632400
14.620370 0.630481
15.939655 2.829252
15.616852 2.861386
15.806507 2.690638
15.778253 2.845319
16.490741 0.749527
16.269614 0.624489
16.571127 0.625039
16.420371 0.624764
17.212885 1.000868
17.002156 0.875180
17.088036 0.751289
17.298765 0.876976
17.150460 0.876078
21.718233 2.468945
21.895053 2.579256
21.757124 2.737551
21.580304 2.627240
21.737678 2.603248
21.603121 2.872532
21.904003 2.865019
21.753562 2.868776
15.319373 2.867021
15.486224 2.728407
15.468112 2.864203
22.062162 2.728791
22.208159 2.863771
22.056081 2.864395
20.985931 0.764686
20.767206 0.632201
21.068725 0.632485
20.917965 0.632343
20.763272 1.953181
20.592195 2.075828
20.455108 1.942051
20.626185 1.819404
20.609190 1.947616
18.138967 2.262347
18.020054 2.135202
18.201349 2.013528
18.320263 2.140673
18.170158 2.137938
17.839229 2.257496
17.721842 2.129927
17.902667 2.007632
17.870948 2.132564
20.909460 2.087450
21.074847 2.250245
20.884794 2.372168
20.719407 2.209374
20.897127 2.229809
18.102442 1.007260
17.896026 0.880404
17.984748 0.754067
18.191163 0.880922
18.043595 0.880663
16.703445 0.873606
16.613766 0.996266
16.401063 0.872187
16.552254 0.872896
14.979660 0.762284
15.186471 0.885443
15.086113 1.039648
15.032886 0.900966
16.188669 0.749059
15.969055 0.624570
16.119335 0.624529
15.586455 0.751209
15.367398 0.626101
15.669057 0.625108
15.518228 0.625604
21.890996 0.768678
21.669492 0.634235
21.971504 0.634443
21.820498 0.634339
21.196061 0.899741
21.103137 1.032699
20.893007 0.897644
21.044534 0.898692
19.985392 2.054982
20.107438 2.180250
19.930162 2.297765
19.808116 2.172497
19.957777 2.176374
22.790947 0.768593
22.571546 0.635253
22.869401 0.633340
22.720473 0.634296
15.281139 0.755985
15.063740 0.629884
15.215569 0.627993
20.684567 0.763954
20.467361 0.631753
20.617284 0.631977
19.630066 2.290787
19.507579 2.165401
19.685629 2.047110
19.657847 2.168949
14.726073 2.869399
14.470115 2.868642
14.646188 2.738041
14.598094 2.869020
18.733099 2.272298
18.616823 2.146131
18.795713 2.025659
18.911988 2.151825
18.764406 2.148978
16.870098 0.625418
17.167937 0.625871
17.019018 0.625644
22.787538 2.594708
22.655364 2.729752
22.499694 2.597263
22.643616 2.595986
15.020452 2.868332
14.873263 2.868866
19.255413 1.909789
19.425374 1.788968
19.555015 1.918286
19.385054 2.039108
19.405214 1.914038
19.854285 1.925884
20.023122 1.804816
20.154229 1.933913
20.004257 1.929899
20.085705 0.762040
20.293518 0.894680
19.992709 0.892810
20.143113 0.893745
18.499496 2.019516
18.437589 2.267288
18.468543 2.143402
17.244193 2.247246
17.124015 2.118462
17.304772 1.995644
17.424949 2.124428
17.274482 2.121445
15.795262 0.873151
15.700762 0.997615
15.491955 0.875672
15.643609 0.874412
20.285716 2.063737
20.323621 1.812227
20.304668 1.937982
17.688141 0.753788
17.808346 1.005931
17.600461 0.879314
17.748244 0.879859
19.723671 1.797060
19.704650 1.922085
23.695405 2.866277
23.843863 2.733393
23.998458 2.867116
23.846931 2.866696
20.930231 1.825768
21.076419 1.960037
20.919846 1.956609
19.329414 2.284124
19.206889 2.157831
19.357234 2.161616
22.110918 0.908162
22.023953 1.046028
21.804031 0.906544
21.957474 0.907353
22.049308 2.447334
22.216417 2.596869
22.055735 2.588063
22.493639 0.770619
22.272093 0.635366
22.421820 0.635310
15.397286 1.005130
15.339213 0.880558
16.944135 2.241218
16.824219 2.113529
17.004099 1.990772
16.974117 2.115995
21.588042 0.767540
21.368550 0.633305
21.519021 0.633770
19.867460 0.630734
20.168245 0.631306
20.017852 0.631020
19.482524 0.758721
19.266626 0.628802
19.565897 0.629919
19.416262 0.629361
17.469731 0.626760
17.768410 0.627028
17.619071 0.626894
16.701235 1.992071
16.653527 2.235386
16.530543 2.113928
16.677381 2.113728
17.387669 0.752631
17.318834 0.626315
21.380925 1.959846
21.553318 1.870678
21.654676 1.986239
21.482283 2.075407
21.517800 1.973043
16.408321 2.234162
16.247400 2.143699
16.369622 2.023464
16.388971 2.128813
19.783357 0.760652
19.716679 0.630326
25.066965 1.574927
24.893130 1.695675
24.764419 1.564206
24.938254 1.443458
24.915692 1.569566
15.189824 2.735353
15.169912 2.867677
17.604122 2.001677
17.542669 2.252678
17.573396 2.127177
20.385607 0.763059
20.317803 0.631529
19.088672 2.031742
18.963234 1.903064
19.129975 1.781112
19.109324 1.906427
22.360897 2.728888
22.502738 2.865117
22.355449 2.864444
24.819845 1.315423
24.633167 1.428786
24.514401 1.297332
24.701080 1.183969
24.667123 1.306378
16.755311 2.362325
16.471765 2.348105
16.613538 2.355215
23.245607 2.730964
23.077708 2.594297
23.372700 2.595505
23.225204 2.594901
9.743432 2.754903
9.746716 2.877451
11.695115 2.876398
11.546535 2.876260
21.287275 0.765790
21.218638 0.632895
10.647722 2.876657
8.848724 2.874011
12.445684 2.737158
12.447842 2.868579
22.950394 2.729708
22.932623 2.594503
18.282672 0.754112
18.066337 0.627039
18.366334 0.627072
18.216336 0.627056
17.917374 0.627033
16.791225 0.750456
16.720613 0.625228
22.802625 2.864635
23.097769 2.865073
22.950197 2.864854
15.888112 0.749678
15.819056 0.624839
24.877391 1.074430
25.179380 1.083092
25.003289 1.197855
25.028385 1.078761
7.948367 2.870962
1.925940 2.872908
6.145546 2.869063
7.046868 2.869295
5.278024 2.875628
4.484069 2.869479
4.338270 2.871214
23.005853 0.902314
22.928318 1.042788
22.713412 0.909067
22.859632 0.905691
23.977757 2.599414
23.671611 2.597139
23.824684 2.598277
3.748326 2.875272
14.914830 0.631142
2.530545 2.871533
3.143284 2.869116
3.221618 0.626300
3.523322 0.607635
3.294940 0.733935
3.372470 0.616968
25.237336 1.453335
25.365758 1.583735
25.195387 1.705327
25.216361 1.579331
25.121698 1.325890
24.970771 1.320657
7.793460 0.626230
7.644074 0.625972
26.397096 1.735935
26.267647 1.606844
26.418498 1.610250
24.136777 1.511606
24.322350 1.400552
24.455251 1.546812
24.269678 1.657867
24.296014 1.529209
23.895393 1.190258
24.101858 1.098426
24.212613 1.261599
24.006148 1.353430
24.054003 1.225928
26.718764 1.993784
26.558718 1.865278
26.707383 1.868031
24.295076 1.031581
24.038009 0.972872
24.166543 1.002226
24.586504 1.682232
24.609835 1.555509
24.150315 2.734983
24.301857 2.867868
24.150157 2.867492
16.914375 0.998330
16.852800 0.874393
19.030205 2.277914
19.059439 2.154828
23.397839 2.865891
23.543243 2.732168
23.546622 2.866084
27.001687 2.874075
27.150099 2.874166
22.193598 0.769808
22.121799 0.634904
23.911518 1.599021
23.780890 1.440845
23.958833 1.476226
23.522156 2.596322
24.980205 2.216715
24.918489 1.954621
24.949347 2.085668
20.229654 2.306485
20.407932 2.189972
20.257685 2.185111
24.753679 1.820252
24.443412 1.805602
24.598545 1.812927
25.057940 1.830044
24.905810 1.825148
24.131267 2.600711
22.331651 1.048268
22.414331 0.909914
22.262624 0.909038
23.163491 0.631573
23.082892 0.764912
23.016446 0.632456
25.359257 1.838454
25.208599 1.834249
26.260162 1.859764
26.409440 1.862521
25.796843 1.722094
25.960586 1.853581
25.823895 1.977895
25.660152 1.846408
25.810369 1.849995
25.302654 1.207146
25.418292 1.334592
25.269995 1.330241
24.121094 1.779469
23.970374 1.909003
23.760799 1.728556
23.940946 1.754012
26.097238 1.729360
26.110374 1.856673
25.496158 1.714003
25.509705 1.842431
24.404664 1.158379
24.363507 1.279465
24.294828 1.927204
24.282253 1.792535
2.653842 0.630983
2.463326 0.762099
2.506663 0.631050
17.511557 1.003659
17.449613 0.878145
22.563871 0.909491
25.884876 2.234534
25.854385 2.106215
23.247804 2.865482
4.036196 0.755225
3.896204 0.622546
4.043098 0.627612
21.407232 1.037138
21.498446 0.903187
21.347253 0.901464
1.457821 0.629255
1.606133 0.629904
23.332297 1.903647
23.382185 2.044212
17.354314 2.375763
17.651195 2.380089
17.502755 2.377926
23.537180 1.582460
23.422037 1.754861
23.591418 1.741708
20.592483 0.896071
20.443000 0.895375
22.464899 1.337129
22.602299 1.628470
22.533599 1.482799
4.944464 0.631875
5.842358 0.623766
6.742007 0.624245
22.646974 2.055082
22.735717 1.913497
22.789716 2.050796
23.117841 1.763983
23.207581 1.615197
23.269939 1.759422
25.536049 1.462283
25.666450 1.592551
25.516104 1.588143
22.355214 2.465244
22.199796 2.351391
22.330443 2.344809
19.874977 1.672235
20.026678 1.546600
20.174823 1.679181
20.024900 1.675708
19.278249 1.657043
19.428412 1.532800
19.575538 1.664725
19.426893 1.660884
20.327475 1.552559
20.476273 1.685606
20.325548 1.682393
19.726843 1.539900
19.725257 1.668480
20.742745 0.896857
18.667735 1.896834
18.835257 1.774239
18.815485 1.899949
18.369594 1.891010
18.537833 1.768328
18.518665 1.893922
18.071173 1.885296
18.239418 1.762779
18.220384 1.888153
21.223458 2.085517
21.233887 1.834366
21.228672 1.959942
22.652682 2.864876
22.819439 1.765757
22.968640 1.764870
18.983962 1.650039
19.131106 1.653541
20.629483 1.557738
20.779395 1.691536
20.627834 1.688571
17.772983 1.879520
17.941489 1.757184
17.922078 1.882408
20.535144 2.323518
20.563669 2.199673
17.474032 1.873503
17.642892 1.751346
17.623507 1.876511
13.058942 0.641841
10.351979 0.756014
10.202949 0.627351
10.350989 0.628007
11.248435 0.630931
13.957033 0.630970
12.148769 0.635764
16.310504 0.995222
16.098110 0.872094
16.249587 0.872140
25.597356 1.215338
25.566703 1.338811
17.174552 1.867624
17.343812 1.745482
17.324292 1.870563
22.518577 1.776210
22.669008 1.770983
16.872859 1.864073
17.043312 1.740925
17.023706 1.865848
21.651239 0.904865
21.082370 1.697201
20.930882 1.694368
22.455119 1.939654
22.206594 1.820463
22.362586 1.798336
21.312710 2.875772
21.465831 2.748303
21.457916 2.874152
15.360454 2.602866
15.211393 2.602607
21.498701 1.315099
21.550430 1.591539
21.524566 1.453319
16.564168 1.868623
16.735792 1.740625
16.718514 1.866348
16.005260 0.995567
15.946686 0.872622
18.892232 1.138255
18.997371 1.011620
19.188017 1.142269
19.040125 1.140262
16.223307 1.896740
16.417852 1.741899
16.393737 1.882681
14.449211 0.910602
14.219270 1.041786
14.276801 0.900924
21.387598 1.709490
21.234984 1.703345
18.687991 1.644361
18.836696 1.520161
18.835977 1.647200
22.035106 1.776088
21.849731 1.886309
21.716151 1.752728
21.875628 1.764408
18.787059 1.264850
18.662816 1.390460
18.811878 1.392505
15.887437 1.855028
16.094179 1.734057
16.016565 2.017711
16.055372 1.875884
21.551874 1.731109
22.358055 2.597066
18.354105 2.878734
18.654274 2.879696
18.504189 2.879215
17.793711 1.629493
17.941447 1.507005
18.089224 1.634696
17.941468 1.632095
12.385251 2.477385
12.566935 2.595675
12.415468 2.607272
20.453941 1.423327
20.606572 1.425374
18.384991 1.639508
18.535149 1.515540
18.536491 1.641934
15.688927 1.967611
15.574538 1.828153
15.773049 1.715569
15.730988 1.841590
18.234797 1.511425
18.237108 1.637102
15.268870 1.803005
15.461909 1.693631
15.381499 1.937526
15.421704 1.815579
13.393349 1.045785
13.380648 0.908850
14.713079 1.870164
14.669070 2.168663
14.691074 2.019413
14.987563 1.751601
15.198309 1.670442
15.128216 1.777303
14.516221 1.775775
14.620545 1.620151
14.817404 1.714539
14.666812 1.745157
14.288858 1.806420
14.371512 1.686790
14.402539 1.791097
12.432879 0.923654
14.012614 2.106076
13.791092 1.995083
13.871982 1.822778
14.093504 1.933771
13.942298 1.964427
14.127478 1.755156
14.191181 1.870095
11.836777 2.751980
11.843388 2.875990
12.664687 2.423192
12.881388 2.530351
12.724161 2.563013
13.685108 1.714887
13.764680 1.556348
13.951554 1.664239
13.818331 1.689563
13.434866 1.317432
13.600064 1.439597
13.495345 1.590832
13.465106 1.454132
13.594066 1.872419
13.404303 1.748365
13.544706 1.731626
11.797205 2.508885
11.816991 2.630433
13.310438 1.918891
13.099816 1.779705
13.252059 1.764035
10.909054 2.508824
10.926155 2.630833
12.846262 1.915140
12.902670 1.702868
13.043408 1.991977
12.973039 1.847422
12.666513 1.848180
12.491069 1.782377
12.544831 1.642480
12.720274 1.708283
12.605672 1.745330
12.345763 1.743855
12.170580 1.819792
12.102360 1.696994
12.224061 1.720425
11.940529 1.807552
11.826558 1.680259
11.988388 1.569702
11.964459 1.688627
11.662426 1.799467
11.536445 1.671999
11.700577 1.552791
11.681501 1.676129
11.371020 1.793653
11.240036 1.666495
11.405462 1.544840
11.388241 1.669247
11.074924 1.788895
10.941928 1.661843
11.107040 1.539443
11.090982 1.664169
9.974522 1.263465
10.094030 1.392901
9.944209 1.390637
10.777186 1.784408
10.940846 1.907495
10.805068 2.026890
10.641408 1.903803
10.791127 1.905649
11.100865 2.030301
11.234943 1.911701
11.087895 1.909598
10.643545 1.657011
10.808287 1.534446
10.792736 1.659427
9.852538 1.133986
9.698795 1.133377
10.478568 1.779622
10.345102 1.651630
10.510079 1.529020
10.494323 1.654321
10.212267 1.523151
10.178987 1.774715
10.195627 1.648933
7.935043 0.752716
7.942522 0.626358
25.968380 1.600255
25.817415 1.596403
10.507088 2.023934
10.344247 1.899752
10.492828 1.901778
10.207170 2.021494
10.041909 1.896456
10.193078 1.898104
9.903852 2.019325
10.082438 2.143152
9.959655 2.265372
9.781069 2.141545
9.931753 2.142349
8.693213 0.626980
8.544280 0.627074
9.740185 1.893042
9.891047 1.894749
7.915530 0.877925
9.137397 1.634607
9.307625 1.511159
9.443712 1.638059
9.273484 1.761507
9.290554 1.636333
9.602027 2.015936
9.438219 1.888824
9.576377 1.765931
9.589202 1.890933
9.594849 1.639903
9.659258 2.263262
9.480215 2.137653
9.630642 2.139599
9.179721 2.132077
9.300710 2.010830
9.329968 2.134865
8.625497 1.132104
8.779250 1.132408
26.138789 1.477739
26.118014 1.603550
8.844878 0.626953
9.135976 1.883513
9.287097 1.886169
6.990054 0.995011
7.011418 0.872171
8.999652 2.004393
8.834162 1.877356
8.970486 1.756476
8.985069 1.880435
5.525679 2.611750
8.698921 1.997505
8.532738 1.871047
8.667979 1.750898
8.683450 1.874202
8.398524 1.991029
8.231552 1.865334
8.365766 1.745352
8.382145 1.868190
25.458417 2.355670
25.761836 2.360679
25.610126 2.358175
25.771627 1.097483
26.076341 1.102949
25.923984 1.100216
8.098116 1.985347
7.931237 1.860117
8.064672 1.740104
8.081394 1.862726
6.090188 0.988819
6.111355 0.867840
7.797897 1.980087
7.631644 1.854709
7.764984 1.734739
7.781440 1.857413
26.200837 1.228670
26.169813 1.353204
7.498011 1.974825
7.331701 1.849101
7.465333 1.728985
7.481672 1.851905
7.197480 1.969721
7.030873 1.843868
7.165094 1.723248
7.181287 1.846484
5.207826 1.011025
5.222223 0.883893
6.895776 1.965122
6.729069 1.839225
6.864167 1.717970
6.879971 1.841546
28.220525 1.704834
28.077086 1.769847
28.018237 1.658959
28.161675 1.593946
28.119381 1.681896
6.593189 1.961088
6.426219 1.834881
6.562099 1.713017
6.577644 1.837053
6.122982 1.829593
6.259519 1.707578
6.274600 1.832237
26.977712 1.120582
26.803849 1.241825
26.679728 1.114606
26.828720 1.117594
5.819956 1.820035
5.957434 1.699264
5.971469 1.824814
5.740286 2.206662
5.679083 1.937381
5.709685 2.072021
5.515141 1.798353
5.656015 1.681007
5.667549 1.809194
26.921307 1.370095
26.772107 1.366717
27.036076 1.498733
27.099694 1.249017
27.067885 1.373875
5.188728 1.742509
5.337915 1.622064
5.351935 1.770431
4.659004 1.602123
4.642403 1.459056
4.851037 1.750552
5.019882 1.746530
4.811626 2.193088
4.618411 2.036306
4.733902 1.893092
4.772764 2.043090
26.700495 2.873961
26.852182 2.748035
26.851091 2.874018
27.162879 1.627261
27.014949 1.623746
4.541869 1.744664
4.696453 1.747608
4.771189 2.873261
4.627629 2.871370
4.423672 1.878409
4.233491 1.731234
4.387680 1.737949
4.111143 1.856864
4.283635 2.029404
4.136219 2.139340
3.963727 1.966800
4.123681 1.998102
4.451023 2.032855
28.830057 2.159681
28.690819 1.958678
28.760438 2.059179
3.922552 1.715122
4.078022 1.723178
4.896541 2.875382
3.503927 1.823680
3.661130 1.944168
3.539892 2.054273
3.382689 1.933785
3.521910 1.938977
3.823754 2.075033
3.801104 1.835935
3.812429 1.955484
3.615842 1.699691
3.737291 1.578877
3.769197 1.707406
0.578781 1.737997
0.454820 1.608508
0.589419 1.492148
0.584100 1.615073
28.383905 1.517307
28.095935 1.430190
28.318165 1.353550
28.239920 1.473748
2.948834 0.629473
2.801338 0.630228
3.316785 1.689988
3.428701 1.565999
3.466314 1.694839
27.884172 2.616673
28.016576 2.474827
28.038185 2.605628
3.114334 1.557816
2.920315 1.417979
3.243807 1.394998
3.082061 1.406488
3.308838 2.044429
3.149898 1.937415
3.223749 1.826771
3.266294 1.935600
27.570125 1.135666
27.873774 1.148631
27.692677 1.269294
27.721949 1.142148
3.021298 1.694599
3.169042 1.692293
27.460196 1.634658
27.311538 1.630960
1.305535 0.628380
2.992705 1.970487
2.763137 2.078802
2.643284 1.929950
2.872851 1.821636
2.817994 1.950219
3.020452 0.755773
3.085226 0.627886
2.643771 1.681175
2.792217 1.554138
2.832534 1.687887
9.180968 1.384413
9.001448 1.508283
9.028873 1.383446
27.808791 1.400438
27.627155 1.517655
27.659916 1.393474
2.339829 1.910643
2.501404 1.801171
2.481708 2.039422
2.491556 1.920296
27.751375 1.643582
27.910401 1.537651
27.884806 1.651270
1.010778 1.387100
1.175919 1.268489
1.329383 1.402685
1.170080 1.394893
27.605786 1.639120
2.332097 1.668663
2.474463 1.548667
2.487934 1.674919
15.491737 2.081679
15.338839 2.069669
2.608415 1.419590
2.764365 1.418784
28.359226 1.721003
28.580095 1.531178
28.555415 1.734875
28.469660 1.626091
27.994325 1.292977
27.952363 1.415314
3.101798 0.879919
2.987752 0.884193
20.151426 1.418436
20.302683 1.420882
11.876980 1.430209
12.021468 1.442046
18.484821 1.262124
18.291189 1.134343
18.396827 1.008302
18.590459 1.136083
18.440824 1.135213
2.206441 1.786576
2.048199 1.663008
2.173855 1.545095
2.190148 1.665835
2.298847 1.415895
2.453631 1.417742
6.571227 2.607200
6.723679 2.607408
1.343948 1.146298
1.186967 1.141201
11.584186 1.419557
11.730583 1.424883
15.787581 2.110648
15.639659 2.096164
1.969643 1.780551
1.788334 1.685132
1.866890 1.567589
1.918266 1.674070
9.833889 2.387463
9.708464 2.508999
9.683861 2.386131
19.854657 1.412871
20.003042 1.415654
25.647637 0.973191
25.666005 0.734886
25.656821 0.854038
13.767956 2.466046
13.566666 2.319216
13.694102 2.157867
13.895392 2.304697
13.731029 2.311956
18.787846 0.882550
18.878556 0.755538
19.088081 0.884609
18.937964 0.883579
1.631285 1.717660
1.420958 1.812218
1.513712 1.560324
1.467335 1.686271
28.635675 1.364783
28.873493 1.425973
28.726794 1.478576
7.060720 1.358935
6.888866 1.477177
6.932247 1.236672
6.910556 1.356925
7.111993 1.117326
6.810308 1.114357
6.961150 1.115842
28.512014 1.912453
28.623117 1.846776
13.497076 2.035204
13.408233 2.198227
13.221596 2.081915
13.359336 2.058559
6.420865 2.606955
26.773388 2.245058
26.821289 2.496329
26.649775 2.369700
26.797339 2.370694
15.648357 2.598874
15.921904 2.563705
15.785130 2.581290
11.678225 0.897177
11.829899 0.899771
19.687197 0.890307
19.389745 0.887281
19.538471 0.888794
23.458471 0.631135
23.371962 0.762708
23.310981 0.631354
1.477675 2.243423
1.663327 2.365604
1.360388 2.371770
1.511857 2.368687
6.772806 2.090681
6.622018 2.089058
3.795156 0.729971
3.648951 0.607425
3.772578 0.614986
19.296861 1.015029
19.180966 0.756860
19.238913 0.885945
1.243835 2.494910
1.271578 2.620351
28.514538 0.639125
28.212910 0.633887
28.363724 0.636506
26.231732 2.493229
26.391628 2.620891
26.255233 2.747048
26.243483 2.620139
24.599941 2.868448
24.450899 2.868158
0.558511 1.997886
0.424036 1.863511
0.568646 1.867941
0.722353 1.372663
0.866565 1.379882
1.825303 1.287739
1.665425 1.154500
1.821658 1.155205
17.759240 2.506384
17.661147 2.753791
17.710193 2.630087
2.006046 1.416668
2.152446 1.416281
13.644084 2.015143
10.008129 2.509964
9.983892 2.387668
28.174564 1.176280
28.024169 1.162455
1.501817 1.281021
1.504686 1.150399
15.504405 2.600870
1.686146 1.438661
1.507765 1.420673
11.528907 0.895599
19.253493 2.881930
19.457748 2.765157
19.554256 2.883228
19.403874 2.882579
19.839953 0.891558
23.753520 0.625913
23.605996 0.628524
28.917899 2.267891
28.950086 2.162849
18.184362 1.259579
17.995614 1.132496
18.143402 1.133420
22.243197 1.193792
22.398275 1.192699
19.550545 1.406617
19.702601 1.409744
10.688148 1.404161
10.985301 1.408772
10.836725 1.406467
7.475524 2.610766
7.627744 2.611591
0.392518 2.504668
0.246929 2.388002
0.358625 2.266629
0.375572 2.385648
25.155713 2.350448
25.005908 2.347797
0.734913 2.124505
1.022622 2.126206
0.878767 2.125356
16.257086 2.859302
16.098371 2.844277
21.295797 1.171375
21.452966 1.176119
10.780491 0.888757
10.931311 0.890113
18.664216 0.627481
18.580550 0.754553
18.515275 0.627277
17.194081 1.618482
17.340320 1.496879
17.490051 1.623879
17.342066 1.621181
19.376307 1.274140
19.402360 1.403470
10.557922 2.266446
10.733504 2.387840
10.584207 2.387772
6.210913 1.108342
6.032872 1.225053
5.912148 1.105529
6.061530 1.106936
1.846096 1.427664
7.075387 2.094448
6.924096 2.092565
7.676629 2.103247
7.377957 2.098273
7.527293 2.100760
28.668991 0.638607
23.143703 1.176087
23.067616 1.322858
22.997967 1.182823
4.168665 0.903015
4.323891 0.904595
26.550689 2.747620
26.527405 2.495084
26.686466 2.621814
26.539047 2.621352
25.205496 2.870589
25.502290 2.871517
25.353893 2.871053
16.578632 1.615392
16.263712 1.613414
16.424492 1.486908
16.421172 1.614403
23.285252 0.891916
23.424482 0.891345
16.084112 2.178095
15.935847 2.144372
2.300668 0.893404
2.148151 0.893055
11.284044 1.413651
11.434115 1.416604
19.336584 1.144585
19.353493 2.645211
19.549746 2.528918
19.503747 2.647038
10.271388 1.268245
10.389625 1.398495
10.241827 1.395698
24.900596 2.869404
24.750268 2.868926
28.917177 2.498195
28.972041 2.629411
28.840165 2.606131
2.444012 0.893367
16.246867 2.317741
16.083579 2.352137
16.165490 2.247918
7.226672 2.096361
17.051722 2.369802
17.203018 2.372783
14.610966 2.477306
14.475732 2.322286
14.640018 2.322984
0.106497 1.735940
0.209918 1.806225
0.103421 1.945284
0.104959 1.840612
0.113378 1.243891
0.224975 1.362178
0.111597 1.493286
0.112488 1.368589
0.218095 1.604227
0.109047 1.614613
1.517586 1.931402
1.379317 2.016036
1.282689 1.896852
1.400138 1.914127
18.357153 1.387204
18.509985 1.388832
24.168323 2.056312
24.326709 2.063714
10.855698 2.267722
11.031248 2.388706
10.882376 2.388273
8.378991 2.617259
8.531216 2.618710
9.058495 2.253063
9.111884 2.501811
9.085190 2.377437
29.900959 1.950348
29.794954 1.818125
29.893995 1.742777
29.897477 1.846562
3.703240 1.315770
3.680449 1.073596
3.691845 1.194683
16.894773 1.614695
17.045541 1.492253
17.044427 1.616589
25.053046 2.869997
3.571095 1.440685
3.720265 1.447324
26.057253 2.364449
25.909544 2.362564
27.605913 0.627542
27.310136 0.625272
27.458024 0.626407
16.856915 2.873943
17.155411 2.875442
17.006163 2.874692
20.152668 2.886894
20.352137 2.777655
20.449469 2.890761
20.301068 2.888827
24.753269 0.949580
24.769812 0.722815
24.761541 0.836198
28.509116 1.231110
28.341840 1.203695
8.577917 2.118714
8.279237 2.112621
8.428577 2.115668
14.489025 2.612185
14.628577 2.607673
22.084747 1.192648
27.270034 1.127466
27.123873 1.124024
29.779095 1.616765
29.885100 1.498988
29.889548 1.620882
1.304626 2.132000
1.552367 2.127459
1.428496 2.129730
29.895331 2.266091
29.901067 2.057400
29.898199 2.161745
5.318051 1.118150
5.176029 1.257383
5.191927 1.134204
26.105040 2.873389
26.400194 2.873660
26.252617 2.873524
11.134673 1.411211
9.598271 0.626358
9.449793 0.626444
8.089612 1.497131
8.139802 1.252326
8.114707 1.374728
0.121625 0.996035
0.235003 1.114927
0.117502 1.119963
18.964340 0.628058
19.115483 0.628430
18.355207 2.512567
18.257943 2.756625
18.306575 2.634596
5.921193 2.341748
5.770611 2.340650
23.347175 1.292722
23.208213 1.029318
23.277694 1.161020
6.158588 1.345786
5.987517 1.459887
6.010195 1.342470
7.325486 2.609743
3.486856 0.918480
3.271874 0.875914
3.509922 0.776501
3.390898 0.826208
18.248576 2.387897
17.947273 2.383791
18.097925 2.385844
16.002741 2.457921
12.082993 1.919999
11.958213 2.031831
11.815750 1.919384
11.949371 1.919691
18.695632 1.009489
18.488336 0.881492
18.638091 0.882021
29.761148 1.373770
29.876048 1.249783
29.880574 1.374385
10.147960 1.138018
10.320623 1.012480
10.296006 1.140363
26.893077 2.121267
26.746076 2.119421
0.348624 1.238355
0.466484 1.363086
0.342835 1.486909
0.345730 1.362632
18.339750 0.881207
25.307065 2.353059
17.756110 2.877354
18.053838 2.877891
17.904974 2.877623
27.365551 2.249213
27.415141 2.497418
27.390346 2.373315
29.147463 2.515566
29.236450 2.638469
29.104246 2.633940
1.819964 2.242870
2.014925 2.372439
1.839126 2.369022
26.706477 0.622495
26.410799 0.620903
26.558638 0.621699
21.144060 1.168251
29.883865 2.507606
29.779196 2.398697
29.889598 2.386848
0.224758 2.187571
0.307504 2.050853
0.441370 2.129911
0.333064 2.158741
16.804095 1.120249
16.696158 1.241812
16.505829 1.117829
16.654962 1.119039
12.710917 1.535092
12.806794 1.618980
21.063761 2.581718
20.911344 2.764012
20.942297 2.503289
20.926821 2.633650
27.579967 2.622294
27.732070 2.619483
26.374955 1.109091
26.225648 1.106020
10.484013 0.885948
10.632252 0.887352
18.814278 0.627769
28.201759 1.846297
28.125746 1.949817
28.101416 1.859832
8.226786 1.621122
8.532056 1.625454
8.379421 1.623288
19.140807 2.401543
18.840450 2.396342
18.990629 2.398943
16.556292 2.869674
16.406689 2.864488
27.776007 2.119752
27.487602 2.126810
27.631805 2.123281
17.700645 1.129955
17.406457 1.126511
17.553551 1.128233
29.748452 1.122416
29.872404 0.997633
29.874226 1.123708
21.024141 2.877206
21.186851 2.752978
21.168425 2.876489
10.175784 2.632487
10.327785 2.631974
28.836236 1.217066
29.010029 1.195320
28.941761 1.310647
8.320543 1.129746
8.473020 1.130925
18.952586 2.880695
18.803430 2.880195
3.845836 0.883869
4.007251 0.893442
25.805817 0.618424
25.510188 0.616462
25.658002 0.617443
16.075585 1.238455
15.885814 1.116854
16.195031 1.117168
16.040423 1.117011
10.383958 2.144197
10.233198 2.143675
25.473366 1.091046
25.326373 1.087069
15.946178 1.602365
16.115712 1.481723
16.104945 1.607890
16.706604 2.871808
1.831229 1.864044
2.058315 1.894077
1.919901 1.977571
1.944772 1.879061
7.325888 1.605324
7.628488 1.610809
7.477188 1.608066
23.145552 0.897115
7.977308 2.108066
7.826969 2.105656
20.040927 2.419167
19.740223 2.412780
19.890575 2.415973
21.208172 2.489185
21.331262 2.660444
21.197512 2.621081
23.939297 0.738009
23.988653 0.855440
15.209396 1.247866
15.014077 1.160760
15.281432 1.126754
15.147754 1.143757
12.796043 2.087093
12.731278 1.967637
7.415047 1.120509
7.565184 1.122546
19.852430 2.884618
19.703343 2.883923
24.906717 0.613047
24.613095 0.609768
24.759906 0.611408
10.538886 1.401328
11.530429 1.915635
11.382686 1.913668
24.576958 1.059119
24.436017 1.045350
29.441432 2.280538
29.474835 2.025771
29.458134 2.153155
6.422127 1.590346
6.726330 1.595180
6.574229 1.592763
23.749701 1.267187
23.763571 1.152196
20.649584 2.447806
20.795940 2.475547
5.620732 1.105020
5.766440 1.105275
25.801639 2.872447
25.651964 2.871982
18.741346 1.137169
14.851542 1.178189
14.673939 1.226922
14.621902 1.088420
14.736722 1.133304
23.286733 1.461417
23.597622 1.413765
23.442177 1.437591
22.032177 1.951822
21.990021 2.073613
21.807575 2.008100
21.919876 1.979961
6.512190 1.111254
6.661249 1.112806
14.088801 1.136610
13.825219 1.149985
13.957010 1.143298
20.737203 2.886806
20.593336 2.888783
5.526494 1.553221
5.823072 1.574629
5.674783 1.563925
12.198041 2.372034
12.292341 2.230202
12.479551 2.335553
12.338796 2.353794
13.423376 2.734745
13.530086 2.868665
13.386688 2.867373
24.035776 0.612096
23.894648 0.619005
21.408574 2.188896
21.259963 2.353623
21.241711 2.219570
13.277188 1.195648
13.551027 1.167569
13.414107 1.181609
14.074050 2.911095
13.821618 2.883196
13.947834 2.897145
12.299802 1.905770
12.395436 1.844073
17.169562 1.370590
17.298303 1.248819
17.319312 1.372849
8.128272 2.110343
21.445735 2.539380
21.455783 2.643842
7.187496 1.482044
7.234683 1.240333
7.211090 1.361189
19.250982 2.524345
19.156078 2.762624
19.203530 2.643485
28.292245 2.027789
28.340460 1.862466
28.402130 1.970121
1.143056 2.009322
1.140273 1.889116
16.994450 1.245094
16.870430 1.366757
17.019996 1.368673
2.328189 2.145418
2.618386 2.159156
2.464867 2.265152
2.473287 2.152287
20.252676 2.659772
20.454418 2.553028
20.403277 2.665341
27.907483 0.630427
28.060197 0.632157
25.953339 2.872918
16.903517 2.366063
28.214248 2.170401
28.047748 2.092430
28.169997 2.060109
29.230388 1.091840
29.341526 1.001535
29.463114 1.128851
29.351976 1.219155
29.346751 1.110345
3.171252 2.118598
3.081978 2.044543
0.588141 2.127208
24.009355 2.050686
29.541523 1.639264
29.431527 1.770888
29.416967 1.651965
0.117708 2.260343
0.123464 2.381501
1.184193 2.248884
1.163624 2.129103
5.315707 1.321844
5.258526 1.492546
5.217277 1.374964
8.228875 2.615877
6.284487 1.467290
6.332705 1.229036
6.308596 1.348163
18.062006 1.383800
18.209580 1.385502
3.407451 1.417841
15.326181 1.571938
15.490302 1.465880
15.626030 1.587573
15.476106 1.579756
0.599418 1.243601
0.594419 1.367875
26.357672 2.367662
26.207462 2.366056
5.447105 1.423702
5.440795 1.227222
5.443950 1.325462
20.151251 2.541422
20.055098 2.771512
20.103175 2.656467
27.756698 0.628985
9.900652 0.626527
10.051801 0.626939
11.326349 2.390348
11.619268 2.391671
11.472809 2.391010
5.002695 2.373604
4.841955 2.352999
1.674180 1.896573
1.708961 2.092629
1.613273 2.012016
3.641884 2.396943
3.797055 2.295157
3.921923 2.412126
3.781904 2.404534
10.336301 0.884247
5.159567 2.359064
27.942890 2.222042
28.125569 2.333177
27.979733 2.348434
16.251508 1.362166
16.390356 1.239776
16.563341 1.364518
16.407424 1.363342
12.019180 2.259637
11.852348 2.152286
12.125044 2.139182
11.988696 2.145734
11.683752 2.035551
11.733781 2.270699
11.708767 2.153125
17.455037 2.876437
17.305224 2.875939
22.089440 2.243957
22.069374 2.345646
14.299024 2.850324
14.394024 2.731255
0.485610 1.115935
0.633434 0.996029
0.616426 1.119815
0.402837 0.745648
0.284758 0.623182
0.426419 0.622824
29.590828 1.887012
29.453181 1.898330
3.351044 2.373623
3.518847 2.270770
3.496464 2.385283
26.550345 2.873810
17.605573 2.876896
9.749461 0.626443
12.735833 2.260477
12.607692 2.298015
8.878426 2.125380
8.728172 2.122047
27.420079 1.131566
29.604498 2.758556
29.718278 2.878361
29.577249 2.879278
4.033334 2.323485
4.151480 2.422679
4.036702 2.417403
0.407413 2.627524
13.449928 2.465345
13.429081 2.331786
12.973881 2.163822
13.097738 2.122869
4.215196 2.265035
4.258051 2.378624
6.072445 2.343088
14.461093 1.522645
14.546025 1.405904
14.583285 1.513027
9.029074 2.128728
29.188617 1.232069
29.120209 1.143580
1.214014 2.371897
21.565018 2.256003
21.497526 2.403818
21.641625 2.362474
2.030904 2.127812
1.869933 2.110220
17.799234 2.381940
3.204466 0.997344
0.134758 0.748182
0.142379 0.624091
17.641881 1.626686
29.868278 2.753361
29.859139 2.876680
29.861768 0.748873
29.855884 0.624436
27.006735 0.623785
27.158436 0.624528
0.330079 1.725826
0.303875 1.943909
0.316977 1.834868
16.359316 2.332923
9.334919 1.385213
26.836736 2.622182
9.275322 2.628405
9.127257 2.626406
29.044815 2.395994
29.294783 2.398473
29.169799 2.397234
13.574981 2.598681
13.436652 2.600045
13.701704 2.751861
13.734830 2.608953
26.503723 2.368681
17.104731 1.123175
17.255594 1.124843
0.518442 0.868938
0.655586 0.871672
15.051262 1.554373
14.934333 1.634456
13.703180 1.290457
13.733930 1.423403
15.939789 1.358012
16.095648 1.360089
18.203972 2.878313
27.190262 2.124932
27.041670 2.123100
26.856606 0.623140
9.576937 2.631332
9.426129 2.629869
27.338932 2.125871
8.834536 1.630153
8.985967 1.632380
16.954413 1.121712
18.544221 2.391959
18.396398 2.389928
12.913671 2.337206
12.854857 2.212150
12.585761 1.522980
26.527342 1.111849
29.734172 0.871506
29.608555 0.995236
29.459284 0.872144
29.596728 0.871825
27.431172 2.622785
9.874960 2.632569
9.725948 2.631951
8.683296 1.627803
16.737612 1.489463
16.736702 1.615044
18.692335 2.394151
21.352849 2.446501
28.917538 2.383043
28.672676 1.224088
17.887913 1.256520
17.848129 1.131226
26.106715 0.619702
26.258757 0.620302
16.716885 1.365638
29.277275 1.275881
1.731257 1.790852
10.025372 2.632528
16.350430 1.117499
14.203137 1.598872
14.077345 1.631556
29.646982 1.509824
29.603011 1.256030
29.624997 1.382927
8.168758 1.128704
15.799160 1.474369
15.786104 1.594969
28.280492 1.783650
19.103039 2.881312
25.956266 0.619063
15.769051 1.237396
15.583998 1.118157
15.734906 1.117505
7.927498 1.616113
8.077142 1.618617
15.179134 1.455869
15.188721 1.563155
17.914680 1.381763
19.439589 2.406926
19.290198 2.404234
2.167390 2.255085
2.324815 2.380789
2.169870 2.376614
29.321696 0.878353
10.000249 1.136002
2.191703 2.018144
2.199072 1.902360
10.681051 2.146183
10.532505 2.145190
28.264880 2.296662
2.619001 2.380364
2.471908 2.380577
25.622496 1.094265
14.292719 1.434728
14.332115 1.560759
0.371988 0.992507
0.256383 0.869218
0.387413 0.869078
7.777993 1.613461
19.589906 2.409853
15.628422 1.353753
15.330024 1.351908
15.468143 1.239781
15.479223 1.352830
10.979716 2.148430
10.830383 2.147306
25.206754 0.615012
25.358471 0.615737
15.432715 1.122455
7.263520 1.118917
20.002549 2.885756
25.056736 0.614029
20.339978 2.428741
20.190452 2.423954
14.184739 2.208317
14.330236 2.265302
7.026703 1.599967
7.176295 1.602646
11.673089 1.917509
24.727175 1.066775
29.496572 2.640039
29.644216 2.517450
29.752143 2.635967
29.624357 2.638003
11.911718 2.387913
11.765493 2.389792
6.876517 1.597574
14.182614 1.242677
14.200942 1.142231
20.494781 2.438273
3.686232 0.930189
3.583652 0.996038
14.535556 0.999511
24.318851 0.606709
24.465973 0.608238
0.107050 2.052228
0.112379 2.156285
14.040066 2.256507
6.361551 1.109798
22.039730 2.158785
20.880672 2.882006
12.054880 2.379974
0.336457 1.606367
24.177314 0.609402
6.121879 1.584522
6.272003 1.587434
13.142715 1.224415
0.205462 1.998069
12.212215 2.005977
12.191398 1.912884
14.186537 2.880709
21.638726 2.142514
21.523650 2.165705
3.635551 0.776291
3.740694 0.830080
13.675852 2.875931
5.972475 1.579576
13.688123 1.158777
21.723151 2.075307
22.510852 2.070615
22.119385 1.886143
3.392288 2.152643
3.666452 2.172400
3.529370 2.162521
23.137598 1.469027
5.469391 1.111585
3.954357 2.197790
3.810404 2.185095
23.673661 1.340476
3.579437 0.691963
12.978997 2.455431
5.392510 1.522883
4.084777 2.231413
12.252278 2.118089
27.911878 2.106091
14.609982 1.316413
0.360306 1.115431
29.605783 1.125633
0.128191 0.872109
29.876072 2.630483
29.395603 2.518920
29.366511 2.639254
29.867086 0.873253
29.712146 1.958932
29.806606 2.008166
29.673636 1.746205
29.692891 1.852568
29.660309 1.628014
29.542252 2.400985
29.418517 2.399729
29.660724 2.399841
15.058506 1.351827
15.194265 1.351867
15.784105 1.355883
2.179547 2.136615
11.150923 2.269731
11.178799 2.389527
11.125894 2.150016
14.955024 1.265008
2.711702 2.266166
2.737419 2.172484
2.756097 2.364681
14.237666 1.338702
3.254702 2.226813
3.281770 2.135621
3.200921 2.344240
0.145010 2.875265
13.374748 0.247483
11.739112 0.247423
10.374774 0.247451
8.739117 0.247564
14.739112 0.247423
7.644331 0.249034
5.739118 0.247419
4.374774 0.247451
1.358521 0.243534
2.882819 0.247826
16.374748 0.247483
17.739112 0.247423
19.374748 0.247483
20.739112 0.247423
22.374748 0.247483
23.739112 0.247423
25.374748 0.247483
28.375015 0.248044
26.739122 0.247484
9.284376 0.247670
10.898681 0.215053
13.898681 0.215053
12.284212 0.246879
7.102017 0.247814
6.284536 0.246714
4.898681 0.215053
1.896667 0.245419
0.450421 0.239810
3.299109 0.247638
15.284212 0.246879
29.560539 0.214748
27.284376 0.247669
24.284212 0.246879
25.898681 0.215053
22.898681 0.215053
28.916504 0.243113
19.898681 0.215053
21.284212 0.246879
16.898681 0.215053
18.284212 0.246879
12.829444 0.246217
14.218673 0.208717
11.218673 0.208717
9.829701 0.246449
8.218058 0.212670
5.218673 0.208717
3.829845 0.246448
0.959426 0.150550
2.440777 0.245997
17.218673 0.208717
20.218673 0.208717
21.829444 0.246217
15.829444 0.246217
18.829444 0.246217
23.218673 0.208717
24.829444 0.246217
26.218673 0.208718
27.829701 0.246454
7.892637 0.247055
15.007657 0.248604
24.554401 0.247330
23.464316 0.242232
29.159564 0.214379
2.171236 0.246842
3.556732 0.247978
27.007695 0.248802
8.464229 0.242882
19.645354 0.243637
15.554401 0.247330
13.101422 0.248044
0.774369 0.208038
14.039885 0.150368
10.101494 0.248036
9.554585 0.247984
13.645354 0.243637
11.039885 0.150368
14.464316 0.242232
11.464316 0.242232
9.007695 0.248813
1.125000 0.216506
7.374430 0.249161
1.625654 0.247582
4.645358 0.243632
10.645358 0.243632
6.555149 0.246949
5.039885 0.150368
4.101512 0.248036
2.701949 0.248033
6.827550 0.248122
5.464316 0.242231
12.554401 0.247330
16.101422 0.248044
17.464316 0.242232
6.007711 0.248577
3.115253 0.248790
23.039885 0.150368
21.007657 0.248604
18.007657 0.248604
18.554401 0.247330
12.007657 0.248604
20.464316 0.242232
22.645354 0.243637
16.645354 0.243637
17.039885 0.150368
22.101422 0.248044
21.554401 0.247330
19.101422 0.248044
20.039885 0.150368
29.317330 0.151556
28.648080 0.248221
27.554585 0.247984
28.101526 0.248121
26.039885 0.150368
25.645354 0.243637
25.101422 0.248044
24.007657 0.248604
26.464317 0.242241
8.038501 0.158303
29.746306 0.338385
0.254902 0.343610
29.765277 0.138658
0.226334 0.142942
9.864850 0.373224
9.577292 0.373992
9.692143 0.247216
9.721071 0.373608
12.691922 0.246774
12.864722 0.373108
12.577201 0.373665
12.720961 0.373387
6.691350 0.247535
6.863775 0.374061
6.577574 0.373475
6.720675 0.373768
3.864922 0.373224
3.578366 0.373989
3.693288 0.247213
3.721644 0.373607
2.306007 0.246419
2.420389 0.372998
2.135618 0.373421
2.278003 0.373210
24.691922 0.246774
24.864722 0.373108
24.577201 0.373665
24.720961 0.373387
27.864851 0.373227
27.577292 0.373992
27.692143 0.247219
27.721072 0.373610
21.691922 0.246774
21.864722 0.373108
21.577201 0.373665
21.720961 0.373387
15.691922 0.246774
15.864722 0.373108
15.577201 0.373665
15.720961 0.373387
18.691922 0.246774
18.864722 0.373108
18.577201 0.373665
18.720961 0.373387
14.159336 0.354358
13.999340 0.357527
13.969283 0.182710
14.129279 0.179542
14.064310 0.268534
11.159336 0.354358
11.341494 0.225474
11.432158 0.371116
11.295747 0.362737
10.999340 0.357527
10.969283 0.182710
11.129279 0.179542
11.064310 0.268534
8.159029 0.356335
8.341143 0.227776
8.432114 0.371441
8.295572 0.363888
14.341494 0.225474
14.432158 0.371116
14.295747 0.362737
5.159336 0.354358
4.999340 0.357527
4.969283 0.182710
5.129279 0.179542
5.064310 0.268534
5.341494 0.225474
5.432158 0.371116
5.295747 0.362737
0.866897 0.179294
1.042213 0.183528
1.012500 0.358253
0.837184 0.354019
0.939699 0.268774
0.525210 0.369905
0.612395 0.223924
0.681197 0.361962
26.159336 0.354359
26.341495 0.225480
26.432159 0.371121
26.295748 0.362740
23.159336 0.354358
22.999340 0.357527
22.969283 0.182710
23.129279 0.179542
23.064310 0.268534
29.008252 0.371556
29.038034 0.228746
29.279782 0.357190
29.144017 0.364373
17.159336 0.354358
16.999340 0.357527
16.969283 0.182710
17.129279 0.179542
17.064310 0.268534
20.159336 0.354358
19.999340 0.357527
19.969283 0.182710
20.129279 0.179542
20.064310 0.268534
25.999340 0.357527
25.969283 0.182711
26.129279 0.179543
26.064310 0.268535
20.341494 0.225474
20.432158 0.371116
20.295747 0.362737
17.341494 0.225474
17.432158 0.371116
17.295747 0.362737
29.238447 0.182968
29.438935 0.183152
29.480270 0.357374
29.359358 0.270171
23.341494 0.225474
23.432158 0.371116
23.295747 0.362737
9.292188 0.373835
9.419480 0.247827
9.434740 0.373913
12.292106 0.373440
12.419307 0.247105
12.434653 0.373552
9.965598 0.247242
10.150747 0.374018
10.007799 0.373621
12.965433 0.247130
13.150711 0.374022
13.007716 0.373565
6.292268 0.373357
6.419842 0.246832
6.434921 0.373416
3.965678 0.247242
4.150756 0.374018
4.007839 0.373621
6.964784 0.247968
7.151009 0.373907
7.007392 0.373984
1.848334 0.372710
2.033951 0.246131
1.991976 0.373065
3.299555 0.373819
3.427921 0.247808
3.438960 0.373904
2.571363 0.247015
2.700974 0.374017
2.560682 0.373507
15.292106 0.373440
15.419307 0.247105
15.434653 0.373552
24.292106 0.373440
24.419307 0.247105
24.434653 0.373552
27.965613 0.247288
28.150763 0.374061
28.007807 0.373644
18.965433 0.247130
19.150711 0.374022
19.007716 0.373565
15.965433 0.247130
16.150711 0.374022
16.007716 0.373565
24.965433 0.247130
25.150711 0.374022
25.007716 0.373565
21.965433 0.247130
22.150711 0.374022
22.007716 0.373565
18.292106 0.373440
18.419307 0.247105
18.434653 0.373552
21.292106 0.373440
21.419307 0.247105
21.434653 0.373552
27.292188 0.373835
27.419480 0.247827
27.434740 0.373913
12.003829 0.374302
12.145934 0.247742
12.147967 0.373871
11.601714 0.244827
11.719556 0.373711
11.575857 0.372414
10.722679 0.371816
10.772019 0.229342
10.861010 0.364671
13.722677 0.371819
13.772017 0.229345
13.861009 0.364673
10.238134 0.247744
10.437387 0.373726
10.294067 0.373872
9.003847 0.374407
9.146035 0.248242
9.148018 0.374121
8.601673 0.245223
8.719559 0.373782
8.575836 0.372612
13.238085 0.247764
13.437374 0.373742
13.294042 0.373882
14.601714 0.244827
14.719556 0.373711
14.575857 0.372414
6.003855 0.374288
6.146123 0.247645
6.148062 0.373823
5.601717 0.244825
5.719559 0.373710
5.575859 0.372413
4.722679 0.371816
4.772019 0.229342
4.861010 0.364671
7.238223 0.248488
7.437215 0.374581
7.294112 0.374244
4.238143 0.247744
4.437387 0.373726
4.294072 0.373872
1.241761 0.230020
1.279261 0.371767
1.145880 0.365010
1.562827 0.373791
1.761160 0.246501
1.705580 0.373250
15.003829 0.374302
15.145934 0.247742
15.147967 0.373871
3.057626 0.374395
3.207181 0.248214
3.178591 0.374107
2.792384 0.247930
2.941410 0.373913
2.821192 0.373965
25.722677 0.371819
25.772017 0.229345
25.861009 0.364673
22.722677 0.371819
22.772017 0.229345
22.861009 0.364673
24.003829 0.374302
24.145934 0.247742
24.147967 0.373871
28.238270 0.248083
28.437508 0.374022
28.294135 0.374041
25.238085 0.247764
25.437374 0.373742
25.294042 0.373882
16.722677 0.371819
16.772017 0.229345
16.861009 0.364673
27.003848 0.374401
27.146036 0.248236
27.148018 0.374118
28.724040 0.374111
28.782292 0.245667
28.866146 0.372833
18.003829 0.374302
18.145934 0.247742
18.147967 0.373871
22.238085 0.247764
22.437374 0.373742
22.294042 0.373882
19.722677 0.371819
19.772017 0.229345
19.861009 0.364673
16.238085 0.247764
16.437374 0.373742
16.294042 0.373882
26.601720 0.244863
26.719561 0.373742
26.575860 0.372431
21.003829 0.374302
21.145934 0.247742
21.147967 0.373871
17.601714 0.244827
17.719556 0.373711
17.575857 0.372414
19.238085 0.247764
19.437374 0.373742
19.294042 0.373882
20.601714 0.244827
20.719556 0.373711
20.575857 0.372414
23.601714 0.244827
23.719556 0.373711
23.575857 0.372414
7.996319 0.373527
7.965569 0.202679
8.128280 0.185487
8.062299 0.279507
13.510051 0.245560
13.580025 0.372780
11.873384 0.248013
11.861692 0.374007
10.510066 0.245541
10.580033 0.372771
8.873406 0.248188
8.861703 0.374094
14.873384 0.248013
14.861692 0.374007
7.509380 0.249097
7.722166 0.374517
7.579690 0.374549
5.873414 0.247998
5.861707 0.373999
4.510066 0.245541
4.580033 0.372771
1.492087 0.245558
1.421044 0.372779
22.510051 0.245560
22.580025 0.372780
23.873384 0.248013
23.861692 0.374007
17.873384 0.248013
17.861692 0.374007
25.510051 0.245560
25.580025 0.372780
16.510051 0.245560
16.580025 0.372780
26.873409 0.248143
26.861704 0.374071
28.511548 0.248133
28.580774 0.374066
19.510051 0.245560
19.580025 0.372780
20.873384 0.248013
20.861692 0.374007
7.768484 0.248044
7.859242 0.374022
7.572166 0.124517
7.821319 0.123527
7.696742 0.124022
0.127451 0.291111
0.277451 0.421805
0.138725 0.395556
29.723153 0.419193
29.873153 0.288499
29.861577 0.394250
15.003829 0.124302
14.744556 0.123711
14.874192 0.124007
15.267106 0.123440
15.135467 0.123871
23.744556 0.123711
23.482158 0.121116
23.613357 0.122414
23.234336 0.104358
23.358247 0.112737
24.789722 0.123108
24.527201 0.123665
24.658461 0.123387
14.482158 0.121116
14.613357 0.122414
11.744556 0.123711
11.482158 0.121116
11.613357 0.122414
29.079782 0.107190
28.833252 0.121556
28.956517 0.114373
10.312387 0.123726
10.050747 0.124018
10.181567 0.123872
13.312374 0.123742
13.050711 0.124022
13.181542 0.123882
9.527292 0.123992
9.267188 0.123835
9.397240 0.123913
24.267106 0.123440
24.397153 0.123552
12.267106 0.123440
12.003829 0.124302
12.135467 0.123871
8.482114 0.121441
8.234029 0.106335
8.358072 0.113888
8.744559 0.123782
8.613336 0.122612
12.789722 0.123108
12.920216 0.123565
11.019943 0.075184
10.824340 0.107527
10.922141 0.091355
12.527201 0.123665
12.658461 0.123387
13.572677 0.121819
13.442525 0.122780
14.234336 0.104358
14.019943 0.075184
14.127140 0.089771
10.572679 0.121816
10.698510 0.114671
9.003847 0.124407
9.135518 0.124121
11.234336 0.104358
11.127140 0.089771
8.874203 0.124094
9.789850 0.123224
9.920299 0.123621
2.210618 0.123421
1.948334 0.122710
2.079476 0.123065
9.658571 0.123608
3.789922 0.123224
3.528366 0.123989
3.659144 0.123607
13.824340 0.107527
13.922141 0.091355
1.687827 0.123791
1.818080 0.123250
0.979713 0.075275
0.762184 0.104019
0.870949 0.089647
27.267188 0.123835
27.003848 0.124401
27.135518 0.124118
10.442533 0.122771
7.312215 0.124581
7.442190 0.124549
4.050756 0.124018
3.920339 0.123621
1.187500 0.108253
1.083606 0.091764
15.789722 0.123108
15.527201 0.123665
15.658461 0.123387
5.744559 0.123710
5.482158 0.121116
5.613359 0.122413
13.698509 0.114673
3.274555 0.123819
3.401460 0.123904
0.475210 0.119905
0.618697 0.111962
5.234336 0.104358
5.019943 0.075184
5.127140 0.089771
12.397153 0.123552
7.051009 0.123907
7.181612 0.124244
2.470389 0.122998
2.340503 0.123210
26.744561 0.123742
26.874204 0.124071
4.824340 0.107527
4.572679 0.121816
4.698510 0.114671
6.527574 0.123475
6.267268 0.123357
6.397421 0.123416
1.429261 0.121767
1.308380 0.115010
29.283665 0.075778
29.181724 0.091484
4.922141 0.091355
6.003855 0.124288
6.135562 0.123823
14.358247 0.112737
25.312374 0.123742
25.050711 0.124022
25.181542 0.123882
4.312387 0.123726
4.442533 0.122771
26.234336 0.104359
26.019943 0.075184
26.127140 0.089771
11.358247 0.112737
1.558544 0.122779
6.788775 0.124061
6.658175 0.123768
3.057626 0.124395
3.166091 0.124107
28.312508 0.124022
28.050763 0.124061
28.181635 0.124041
6.919892 0.123984
4.181572 0.123872
5.358247 0.112737
20.482158 0.121116
20.234336 0.104358
20.358247 0.112737
21.267106 0.123440
21.003829 0.124302
21.135467 0.123871
19.824340 0.107527
19.572677 0.121819
19.698509 0.114673
2.941410 0.123913
2.999518 0.249154
5.874207 0.123999
2.725974 0.124017
2.833692 0.123965
2.598182 0.123507
11.874192 0.124007
15.397153 0.123552
19.312374 0.123742
19.442525 0.122780
27.789851 0.123227
27.527292 0.123992
27.658572 0.123610
22.312374 0.123742
22.050711 0.124022
22.181542 0.123882
17.482158 0.121116
17.234336 0.104358
17.358247 0.112737
20.744556 0.123711
20.874192 0.124007
20.613357 0.122414
17.019943 0.075184
17.127140 0.089771
17.744556 0.123711
17.613357 0.122414
18.003829 0.124302
17.874192 0.124007
25.824340 0.107527
25.572677 0.121819
25.698509 0.114673
21.789722 0.123108
21.527201 0.123665
21.658461 0.123387
18.789722 0.123108
18.527201 0.123665
18.658461 0.123387
18.267106 0.123440
18.397153 0.123552
16.312374 0.123742
16.050711 0.124022
16.181542 0.123882
19.050711 0.124022
18.920216 0.123565
15.920216 0.123565
16.824340 0.107527
16.572677 0.121819
16.698509 0.114673
21.920216 0.123565
16.442525 0.122780
22.572677 0.121819
22.442525 0.122780
27.397240 0.123913
19.181542 0.123882
21.397153 0.123552
18.135467 0.123871
20.019943 0.075184
19.922141 0.091355
28.574040 0.124111
28.443274 0.124066
20.127140 0.089771
26.482159 0.121121
26.358248 0.112740
23.019943 0.075184
22.824340 0.107527
22.922141 0.091355
24.003829 0.124302
23.874192 0.124007
24.920216 0.123565
27.920307 0.123644
29.530270 0.107374
29.406967 0.091576
28.703646 0.122833
23.127140 0.089771
16.922141 0.091355
25.442525 0.122780
22.698509 0.114673
24.135467 0.123871
25.922141 0.091355
26.613360 0.122431
8.019251 0.079152
7.920285 0.101340
29.757638 0.069329
29.662908 0.176703
29.643954 0.088351
0.338377 0.191376
0.238167 0.071471
0.356689 0.095688
8.126640 0.092743
0.352661 0.291710
0.401331 0.395855
29.653423 0.276566
29.601711 0.388283
0.113167 0.190777
0.119083 0.095389
29.882638 0.188636
29.878819 0.094318
29.768031 0.232601
0.232914 0.241243
