260
4210 2 6 1121 1
4211 2 1121 1122 1
4212 2 1122 1123 1
4213 2 1123 1124 1
4214 2 1124 1125 1
4215 2 1125 1126 1
4216 2 1126 1127 1
4217 2 1127 1128 1
4218 2 1128 1129 1
4219 2 1129 1130 1
4220 2 1130 1131 1
4221 2 1131 1132 1
4222 2 1132 1133 1
4223 2 1133 1134 1
4224 2 1134 1135 1
4225 2 1135 1136 1
4226 2 1136 1137 1
4227 2 1137 1138 1
4228 2 1138 1139 1
4229 2 1139 1140 1
4230 2 1140 1141 1
4231 2 1141 1142 1
4232 2 1142 1143 1
4233 2 1143 1144 1
4234 2 1144 1145 1
4235 2 1145 1146 1
4236 2 1146 1147 1
4237 2 1147 1148 1
4238 2 1148 1149 1
4239 2 1149 1150 1
4240 2 1150 1151 1
4241 2 1151 1152 1
4242 2 1152 1153 1
4243 2 1153 1154 1
4244 2 1154 1155 1
4245 2 1155 1156 1
4246 2 1156 1157 1
4247 2 1157 1158 1
4248 2 1158 1159 1
4249 2 1159 1160 1
4250 2 1160 1161 1
4251 2 1161 1162 1
4252 2 1162 1163 1
4253 2 1163 1164 1
4254 2 1164 1165 1
4255 2 1165 1166 1
4256 2 1166 1167 1
4257 2 1167 1168 1
4258 2 1168 1169 1
4259 2 1169 1170 1
4260 2 1170 1171 1
4261 2 1171 1172 1
4262 2 1172 1173 1
4263 2 1173 1174 1
4264 2 1174 1175 1
4265 2 1175 1176 1
4266 2 1176 1177 1
4267 2 1177 1178 1
4268 2 1178 1179 1
4269 2 1179 1180 1
4270 2 1180 1181 1
4271 2 1181 1182 1
4272 2 1182 1183 1
4273 2 1183 1184 1
4274 2 1184 1185 1
4275 2 1185 1186 1
4276 2 1186 1187 1
4277 2 1187 1188 1
4278 2 1188 1189 1
4279 2 1189 1190 1
4280 2 1190 1191 1
4281 2 1191 1192 1
4282 2 1192 1193 1
4283 2 1193 1194 1
4284 2 1194 1195 1
4285 2 1195 1196 1
4286 2 1196 1197 1
4287 2 1197 1198 1
4288 2 1198 1199 1
4289 2 1199 1200 1
4290 2 1200 1201 1
4291 2 1201 1202 1
4292 2 1202 1203 1
4293 2 1203 1204 1
4294 2 1204 1205 1
4295 2 1205 1206 1
4296 2 1206 1207 1
4297 2 1207 1208 1
4298 2 1208 1209 1
4299 2 1209 1210 1
4300 2 1210 1211 1
4301 2 1211 1212 1
4302 2 1212 1213 1
4303 2 1213 1214 1
4304 2 1214 1215 1
4305 2 1215 1216 1
4306 2 1216 1217 1
4307 2 1217 1218 1
4308 2 1218 1219 1
4309 2 1219 1220 1
4310 2 1220 1221 1
4311 2 1221 1222 1
4312 2 1222 1223 1
4313 2 1223 1224 1
4314 2 1224 1225 1
4315 2 1225 1226 1
4316 2 1226 1227 1
4317 2 1227 1228 1
4318 2 1228 1229 1
4319 2 1229 1230 1
4320 2 1230 1231 1
4321 2 1231 1232 1
4322 2 1232 1233 1
4323 2 1233 1234 1
4324 2 1234 1235 1
4325 2 1235 1236 1
4326 2 1236 1237 1
4327 2 1237 1238 1
4328 2 1238 1239 1
4329 2 1239 1240 1
4330 2 1240 1241 1
4331 2 1241 1242 1
4332 2 1242 1243 1
4333 2 1243 1244 1
4334 2 1244 1245 1
4335 2 1245 1246 1
4336 2 1246 1247 1
4337 2 1247 1248 1
4338 2 1248 1249 1
4339 2 1249 1250 1
4340 2 1250 1251 1
4341 2 1251 1252 1
4342 2 1252 1253 1
4343 2 1253 1254 1
4344 2 1254 1255 1
4345 2 1255 1256 1
4346 2 1256 1257 1
4347 2 1257 1258 1
4348 2 1258 1259 1
4349 2 1259 1260 1
4350 2 1260 1261 1
4351 2 1261 1262 1
4352 2 1262 1263 1
4353 2 1263 1264 1
4354 2 1264 1265 1
4355 2 1265 1266 1
4356 2 1266 1267 1
4357 2 1267 1268 1
4358 2 1268 1269 1
4359 2 1269 1270 1
4360 2 1270 1271 1
4361 2 1271 1272 1
4362 2 1272 1273 1
4363 2 1273 1274 1
4364 2 1274 1275 1
4365 2 1275 1276 1
4366 2 1276 1277 1
4367 2 1277 1278 1
4368 2 1278 1279 1
4369 2 1279 1280 1
4370 2 1280 1281 1
4371 2 1281 1282 1
4372 2 1282 1283 1
4373 2 1283 1284 1
4374 2 1284 1285 1
4375 2 1285 1286 1
4376 2 1286 1287 1
4377 2 1287 1288 1
4378 2 1288 1289 1
4379 2 1289 1290 1
4380 2 1290 1291 1
4381 2 1291 1292 1
4382 2 1292 1293 1
4383 2 1293 1294 1
4384 2 1294 1295 1
4385 2 1295 1296 1
4386 2 1296 1297 1
4387 2 1297 1298 1
4388 2 1298 1299 1
4389 2 1299 1300 1
4390 2 1300 1301 1
4391 2 1301 1302 1
4392 2 1302 1303 1
4393 2 1303 1304 1
4394 2 1304 1305 1
4395 2 1305 1306 1
4396 2 1306 1307 1
4397 2 1307 1308 1
4398 2 1308 1309 1
4399 2 1309 1310 1
4400 2 1310 1311 1
4401 2 1311 1312 1
4402 2 1312 1313 1
4403 2 1313 1314 1
4404 2 1314 1315 1
4405 2 1315 1316 1
4406 2 1316 1317 1
4407 2 1317 1318 1
4408 2 1318 1319 1
4409 2 1319 7 1
4440 2 7 1520 1
4441 2 1520 1521 1
4442 2 1521 1522 1
4443 2 1522 1523 1
4444 2 1523 1524 1
4445 2 1524 8 1
4697 2 15 1687 1
4691 2 1687 1688 1
4685 2 1688 1689 1
4679 2 1689 1690 1
4673 2 1690 1691 1
4667 2 1691 6 1
4445 2 8 1531 2
4439 2 1531 1532 2
4433 2 1532 1533 2
4427 2 1533 1534 2
4421 2 1534 1535 2
4415 2 1535 9 2
4446 2 9 1564 2
4447 2 1564 1565 2
4448 2 1565 1566 2
4449 2 1566 10 2
4540 2 10 1582 2
4541 2 1582 1583 2
4542 2 1583 1584 2
4543 2 1584 1585 2
4544 2 1585 1586 2
4545 2 1586 1587 2
4546 2 1587 1588 2
4547 2 1588 1589 2
4548 2 1589 1590 2
4549 2 1590 1591 2
4550 2 1591 1592 2
4551 2 1592 1593 2
4552 2 1593 1594 2
4553 2 1594 11 2
4624 2 12 1631 4
4625 2 1631 1632 4
4626 2 1632 1633 4
4627 2 1633 1634 4
4628 2 1634 1635 4
4629 2 1635 1636 4
4630 2 1636 1637 4
4631 2 1637 1638 4
4632 2 1638 1639 4
4633 2 1639 1640 4
4634 2 1640 1641 4
4635 2 1641 1642 4
4636 2 1642 1643 4
4637 2 1643 13 4
4658 2 13 1669 4
4659 2 1669 1670 4
4660 2 1670 1671 4
4661 2 1671 14 4
4692 2 14 1676 4
4693 2 1676 1677 4
4694 2 1677 1678 4
4695 2 1678 1679 4
4696 2 1679 1680 4
4697 2 1680 15 4
