212
4411 2 6 1237
4527 2 1237 1238
4168 2 1238 1239
1701 2 1239 1240
1692 2 1240 1241
4532 2 1241 1242
4163 2 1242 1243
4407 2 1243 1244
1775 2 1244 1245
1769 2 1245 1246
1783 2 1246 1247
2348 2 1247 1248
2726 2 1248 1249
2367 2 1249 1250
2338 2 1250 1251
2363 2 1251 1252
2781 2 1252 1253
2846 2 1253 1254
2112 2 1254 1255
2349 2 1255 1256
1853 2 1256 1257
1843 2 1257 1258
2376 2 1258 1259
1856 2 1259 1260
1886 2 1260 1261
2350 2 1261 1262
1863 2 1262 1263
1901 2 1263 1264
2351 2 1264 1265
1877 2 1265 1266
1916 2 1266 1267
2352 2 1267 1268
1891 2 1268 1269
1930 2 1269 1270
2342 2 1270 1271
2308 2 1271 1272
2353 2 1272 1273
2600 2 1273 1274
2340 2 1274 1275
1951 2 1275 1276
1926 2 1276 1277
2365 2 1277 1278
1937 2 1278 1279
1962 2 1279 1280
2339 2 1280 1281
2647 2 1281 1282
2664 2 1282 1283
2086 2 1283 1284
2663 2 1284 1285
2219 2 1285 1286
2090 2 1286 1287
2088 2 1287 1288
2661 2 1288 1289
2072 2 1289 1290
2378 2 1290 1291
2863 2 1291 1292
2871 2 1292 1293
2788 2 1293 1294
2860 2 1294 1295
2824 2 1295 1296
2729 2 1296 1297
2861 2 1297 1298
2736 2 1298 1299
2734 2 1299 1300
2795 2 1300 1301
2805 2 1301 1302
2689 2 1302 1303
2859 2 1303 1304
2772 2 1304 1305
3460 2 1305 1306
3355 2 1306 1307
3617 2 1307 1308
3474 2 1308 1309
3743 2 1309 1310
3554 2 1310 1311
3869 2 1311 1312
3620 2 1312 1313
3957 2 1313 1314
3679 2 1314 1315
4054 2 1315 1316
3733 2 1316 1317
4137 2 1317 1318
3803 2 1318 1319
2692 2 1319 1320
2818 2 1320 1321
2868 2 1321 1322
2679 2 1322 1323
2833 2 1323 1324
2862 2 1324 1325
2857 2 1325 1326
2872 2 1326 1327
2812 2 1327 1328
2559 2 1328 1329
2067 2 1329 1330
2070 2 1330 1331
2361 2 1331 1332
2588 2 1332 1333
2721 2 1333 1334
2797 2 1334 1335
2813 2 1335 1336
2856 2 1336 1337
2122 2 1337 1338
2105 2 1338 1339
2244 2 1339 1340
2200 2 1340 1341
2595 2 1341 1342
2257 2 1342 1343
2207 2 1343 1344
2225 2 1344 1345
2193 2 1345 1346
2240 2 1346 1347
2209 2 1347 1348
2235 2 1348 1349
2291 2 1349 1350
2227 2 1350 1351
2187 2 1351 1352
2246 2 1352 1353
2306 2 1353 1354
2223 2 1354 1355
2300 2 1355 1356
2213 2 1356 1357
2093 2 1357 1358
2232 2 1358 1359
2247 2 1359 1360
2224 2 1360 1361
2137 2 1361 1362
2210 2 1362 1363
2252 2 1363 1364
2222 2 1364 1365
2295 2 1365 1366
2228 2 1366 1367
2260 2 1367 1368
2212 2 1368 1369
2138 2 1369 1370
2211 2 1370 1371
2172 2 1371 1372
2249 2 1372 1373
2141 2 1373 1374
2241 2 1374 1375
2279 2 1375 1376
2236 2 1376 1377
2184 2 1377 1378
2229 2 1378 1379
2215 2 1379 1380
2230 2 1380 1381
2336 2 1381 1382
2231 2 1382 1383
2220 2 1383 1384
2261 2 1384 1385
2271 2 1385 1386
2299 2 1386 1387
2405 2 1387 1388
2290 2 1388 1389
2320 2 1389 1390
2292 2 1390 1391
2330 2 1391 1392
2297 2 1392 1393
2317 2 1393 1394
2301 2 1394 1395
2307 2 1395 1396
2323 2 1396 1397
2288 2 1397 1398
2311 2 1398 1399
2286 2 1399 1400
2325 2 1400 1401
2282 2 1401 1402
2281 2 1402 1403
2319 2 1403 1404
2318 2 1404 1405
2278 2 1405 1406
2314 2 1406 1407
2287 2 1407 1408
2296 2 1408 1409
2324 2 1409 1410
2302 2 1410 1411
2312 2 1411 1412
2328 2 1412 1413
2343 2 1413 1414
2322 2 1414 1415
1324 2 1415 1416
2341 2 1416 1417
1335 2 1417 1418
2332 2 1418 1419
1340 2 1419 1420
2347 2 1420 1421
1348 2 1421 1422
2327 2 1422 1423
1353 2 1423 1424
1782 2 1424 1425
1768 2 1425 1426
3984 2 1426 1427
4366 2 1427 1428
4675 2 1428 1429
4666 2 1429 1430
4418 2 1430 1431
4635 2 1431 1432
1702 2 1432 1433
1644 2 1433 1434
4526 2 1434 1435
4410 2 1435 7
6014 2 6 2204
6015 2 2204 2205
6016 2 2205 2206
6017 2 2206 2207
6018 2 2207 2208
6019 2 2208 14
6115 2 7 2215
6114 2 2215 2216
6113 2 2216 2217
6112 2 2217 2218
6111 2 2218 2219
6110 2 2219 15
